0 0.76796875 0.32265625 0.17265625 0.11640625
13 0.59921875 0.328125 0.17734375 0.1359375
8 0.45703125 0.31171875 0.10625 0.13125
10 0.35234375 0.30703125 0.10078125 0.11171875
14 0.21875 0.303125 0.13046875 0.1328125
5 0.09609375 0.33046875 0.1171875 0.13125
4 0.10859375 0.45703125 0.12265625 0.10703125
9 0.2296875 0.453125 0.1203125 0.11328125
7 0.34609375 0.44609375 0.103125 0.1078125
3 0.465625 0.440625 0.10078125 0.103125
1 0.35234375 0.575 0.11171875 0.07578125
15 0.4625 0.58671875 0.11484375 0.0703125
11 0.5578125 0.54140625 0.07265625 0.15078125
2 0.6546875 0.51640625 0.0859375 0.203125
12 0.79375 0.50859375 0.20390625 0.18671875