0 0.74765625 0.2953125 0.1828125 0.1328125
13 0.58046875 0.31875 0.190625 0.153125
8 0.4375 0.3171875 0.11875 0.1421875
10 0.3328125 0.3234375 0.1109375 0.121875
14 0.2 0.33359375 0.14375 0.1453125
5 0.08046875 0.3734375 0.1296875 0.1421875
4 0.10625 0.4984375 0.1328125 0.11875
9 0.2265625 0.48125 0.13125 0.125
7 0.34140625 0.4625 0.1140625 0.11875
3 0.459375 0.44453125 0.1109375 0.1125
1 0.3609375 0.58984375 0.1203125 0.0859375
15 0.471875 0.58984375 0.121875 0.08125
11 0.56171875 0.53515625 0.0875 0.15625
2 0.65546875 0.5 0.10625 0.2109375
12 0.79296875 0.478125 0.221875 0.2078125