9 0.49921875 0.7234375 0.1296875 0.0953125
11 0.2875 0.71328125 0.1 0.125
10 0.23046875 0.8625 0.15859375 0.103125
7 0.2171875 0.2078125 0.14921875 0.0953125
8 0.2078125 0.3625 0.17890625 0.0984375
13 0.465625 0.3375 0.14375 0.15234375
14 0.453125 0.55234375 0.1359375 0.08359375
15 0.2640625 0.575 0.14296875 0.0546875
4 0.72734375 0.7546875 0.14296875 0.096875
5 0.64453125 0.86796875 0.1421875 0.103125
3 0.7421875 0.284375 0.1484375 0.10546875
2 0.76171875 0.11875 0.25859375 0.0890625
0 0.46953125 0.1140625 0.14375 0.171875
12 0.74609375 0.58125 0.27421875 0.14765625
6 0.9390625 0.37734375 0.121875 0.2953125
1 0.78515625 0.4171875 0.090625 0.08515625