0 0.909375 0.66484375 0.18125 0.13203125
1 0.7640625 0.61171875 0.10546875 0.0640625
2 0.73203125 0.5171875 0.19296875 0.07734375
3 0.528125 0.259375 0.13828125 0.08359375
4 0.50390625 0.3953125 0.10390625 0.08046875
5 0.6390625 0.3609375 0.1375 0.09921875
6 0.1359375 0.14609375 0.27109375 0.2375
7 0.509375 0.7328125 0.10234375 0.0921875
8 0.5890625 0.66015625 0.125 0.0953125
9 0.91328125 0.55234375 0.1171875 0.08125
10 0.87890625 0.34921875 0.15078125 0.1
11 0.89296875 0.44765625 0.171875 0.06875
12 0.7671875 0.2328125 0.2015625 0.1453125
13 0.43203125 0.59921875 0.184375 0.084375
14 0.51953125 0.5125 0.11875 0.0765625
15 0.61015625 0.46875 0.0953125 0.06171875