9 0.50078125 0.721875 0.1296875 0.08984375
11 0.28828125 0.7140625 0.09765625 0.121875
10 0.23203125 0.86171875 0.1515625 0.10625
7 0.21953125 0.20703125 0.1484375 0.0953125
8 0.2125 0.3625 0.178125 0.0984375
13 0.50390625 0.43984375 0.2515625 0.0828125
14 0.48359375 0.59765625 0.1375 0.0828125
15 0.2671875 0.5734375 0.14140625 0.05390625
4 0.74765625 0.90546875 0.14453125 0.1078125
5 0.49921875 0.90078125 0.140625 0.109375
1 0.778125 0.55703125 0.1046875 0.08046875
3 0.7859375 0.45078125 0.18671875 0.07890625
2 0.75078125 0.10625 0.24140625 0.14765625
0 0.5375 0.2765625 0.253125 0.09609375
12 0.7453125 0.73984375 0.25859375 0.159375
6 0.77734375 0.29296875 0.4453125 0.2578125