0 0.7578125 0.31328125 0.1765625 0.12109375
6 0.88671875 0.29375 0.2265625 0.23046875
13 0.5859375 0.33125 0.17109375 0.11953125
8 0.44609375 0.31875 0.0953125 0.1078125
10 0.33359375 0.31171875 0.115625 0.11796875
14 0.2078125 0.3078125 0.1234375 0.1375
5 0.08515625 0.34140625 0.146875 0.11328125
4 0.096875 0.4625 0.1234375 0.1046875
9 0.21484375 0.45390625 0.11796875 0.10703125
7 0.3296875 0.44921875 0.0984375 0.12421875
3 0.45390625 0.43984375 0.1015625 0.10546875
1 0.3390625 0.5859375 0.1125 0.08359375
2 0.64375 0.50546875 0.0921875 0.2
12 0.7953125 0.515625 0.19609375 0.20625
15 0.45625 0.5875 0.10546875 0.07734375
11 0.546875 0.54375 0.06484375 0.146875