0 0.9109375 0.68359375 0.178125 0.1609375
1 0.7671875 0.61171875 0.12265625 0.06640625
2 0.73359375 0.5171875 0.1890625 0.08125
3 0.69609375 0.696875 0.121875 0.09453125
4 0.503125 0.39765625 0.10859375 0.0796875
5 0.6421875 0.36171875 0.134375 0.10234375
6 0.353125 0.2078125 0.30859375 0.2765625
7 0.50546875 0.725 0.11640625 0.10703125
8 0.4984375 0.28984375 0.12734375 0.11328125
9 0.91484375 0.5515625 0.1375 0.0828125
10 0.88984375 0.346875 0.13828125 0.10234375
11 0.89765625 0.45 0.16640625 0.075
12 0.7546875 0.23203125 0.2 0.153125
13 0.4328125 0.6 0.2 0.084375
14 0.51875 0.51171875 0.1171875 0.08046875
15 0.6109375 0.46796875 0.08515625 0.05546875