0 0.88828125 0.5765625 0.2046875 0.13046875
1 0.63046875 0.78046875 0.1015625 0.08828125
2 0.53125 0.28671875 0.22109375 0.09296875
3 0.728125 0.53046875 0.1203125 0.096875
4 0.55234375 0.471875 0.10546875 0.07734375
5 0.63046875 0.64296875 0.125 0.1109375
6 0.353125 0.21328125 0.3421875 0.29765625
7 0.509375 0.728125 0.1015625 0.0890625
8 0.7578125 0.69921875 0.14140625 0.1078125
9 0.76015625 0.82578125 0.12578125 0.09921875
10 0.83671875 0.32265625 0.1578125 0.1109375
11 0.89296875 0.4640625 0.17265625 0.08359375
12 0.5484375 0.8640625 0.23671875 0.13671875
13 0.43046875 0.5984375 0.21796875 0.09609375
14 0.89453125 0.7234375 0.1390625 0.1
15 0.6921875 0.403125 0.12421875 0.06328125