9 0.47578125 0.84609375 0.13203125 0.0984375
11 0.228125 0.69140625 0.10234375 0.11640625
10 0.22734375 0.8609375 0.1484375 0.10078125
7 0.21640625 0.2078125 0.1484375 0.09296875
8 0.21015625 0.36484375 0.1765625 0.096875
13 0.48203125 0.47734375 0.17265625 0.15
14 0.4390625 0.6546875 0.184375 0.11015625
15 0.20078125 0.50703125 0.12421875 0.075
4 0.69765625 0.7390625 0.1421875 0.09296875
5 0.70546875 0.90859375 0.18515625 0.1265625
1 0.7453125 0.403125 0.146875 0.05078125
3 0.77734375 0.2125 0.14140625 0.11796875
2 0.5296875 0.1109375 0.25 0.090625
0 0.5 0.28046875 0.26015625 0.1140625
12 0.75859375 0.56640625 0.2421875 0.17265625
6 0.88046875 0.259375 0.2390625 0.2875