9 0.50078125 0.7234375 0.1328125 0.09140625
11 0.28984375 0.7125 0.09296875 0.11875
10 0.23125 0.8625 0.15703125 0.1046875
7 0.21875 0.2078125 0.15 0.096875
8 0.2109375 0.365625 0.17578125 0.1015625
13 0.50546875 0.43828125 0.2546875 0.08203125
14 0.4828125 0.5984375 0.1421875 0.0859375
15 0.265625 0.57421875 0.1421875 0.05859375
4 0.746875 0.903125 0.146875 0.1046875
5 0.4984375 0.90078125 0.14296875 0.10859375
1 0.7796875 0.55546875 0.1046875 0.08046875
3 0.778125 0.36640625 0.18125 0.08359375
2 0.76328125 0.11875 0.26953125 0.08671875
0 0.4703125 0.115625 0.15546875 0.16953125
12 0.746875 0.73984375 0.26484375 0.16171875
6 0.89765625 0.43125 0.20390625 0.27421875