9 0.9140625 0.70390625 0.13125 0.09609375
11 0.77890625 0.60546875 0.17265625 0.06953125
10 0.4015625 0.61953125 0.125 0.09140625
7 0.75078125 0.46484375 0.10625 0.07578125
8 0.76640625 0.30859375 0.13125 0.10390625
13 0.615625 0.65 0.1109375 0.14609375
14 0.846875 0.51640625 0.1375 0.0828125
15 0.59921875 0.40390625 0.1046875 0.0828125
4 0.77734375 0.68359375 0.121875 0.08203125
5 0.846875 0.390625 0.12578125 0.084375
1 0.509375 0.55859375 0.09296875 0.0734375
3 0.665625 0.49765625 0.11171875 0.08515625
2 0.47109375 0.71484375 0.1515625 0.13515625
0 0.4421875 0.453125 0.18984375 0.12265625
12 0.68671875 0.8140625 0.22890625 0.16953125
6 0.4921875 0.8921875 0.40546875 0.209375