0 0.90546875 0.6765625 0.1890625 0.14921875
1 0.76796875 0.60859375 0.1046875 0.05546875
2 0.7375 0.51796875 0.18515625 0.07734375
3 0.70234375 0.69609375 0.11953125 0.08828125
4 0.49765625 0.3953125 0.11171875 0.08984375
5 0.640625 0.3625 0.13046875 0.1015625
6 0.32734375 0.18671875 0.3203125 0.265625
7 0.45390625 0.265625 0.10703125 0.07890625
8 0.63671875 0.5921875 0.11171875 0.07734375
9 0.91640625 0.55234375 0.12109375 0.07578125
10 0.8828125 0.34609375 0.16796875 0.10703125
11 0.8984375 0.45234375 0.1578125 0.059375
12 0.7625 0.2359375 0.2109375 0.140625
13 0.45625 0.62421875 0.1953125 0.11328125
14 0.521875 0.51171875 0.103125 0.078125
15 0.609375 0.46875 0.09375 0.05625