9 0.4984375 0.721875 0.128125 0.0921875
11 0.2890625 0.71328125 0.0953125 0.11796875
10 0.23046875 0.86171875 0.15546875 0.10859375
7 0.22109375 0.2078125 0.153125 0.09375
8 0.2109375 0.3625 0.171875 0.09765625
13 0.465625 0.334375 0.13671875 0.1484375
14 0.45546875 0.55 0.140625 0.0859375
15 0.26171875 0.575 0.1421875 0.0546875
4 0.73125 0.59609375 0.14296875 0.08046875
5 0.70234375 0.90625 0.1890625 0.12734375
1 0.82109375 0.40703125 0.14140625 0.071875
3 0.79296875 0.284375 0.1515625 0.090625
2 0.76796875 0.10703125 0.115625 0.16640625
0 0.4671875 0.115625 0.1453125 0.16796875
12 0.71796875 0.47265625 0.259375 0.1390625
6 0.8140625 0.78671875 0.371875 0.2453125