0 0.76171875 0.2703125 0.15703125 0.12265625
13 0.50625 0.34375 0.2796875 0.190625
10 0.3203125 0.3046875 0.1171875 0.1359375
14 0.19609375 0.29921875 0.128125 0.13515625
5 0.09453125 0.346875 0.13203125 0.128125
4 0.09921875 0.4671875 0.12734375 0.10546875
9 0.2125 0.4421875 0.109375 0.1
7 0.32421875 0.43515625 0.1015625 0.1046875
1 0.334375 0.5671875 0.1125 0.06015625
15 0.44609375 0.56015625 0.0984375 0.08046875
11 0.5421875 0.50703125 0.08203125 0.14375
12 0.80859375 0.44921875 0.1203125 0.18828125
6 0.640625 0.3640625 0.29921875 0.478125