0 0.884375 0.56953125 0.20859375 0.115625
1 0.6296875 0.77734375 0.10546875 0.08671875
2 0.3625 0.60625 0.1890625 0.12578125
3 0.72734375 0.53515625 0.1125 0.1125
4 0.51484375 0.86171875 0.11328125 0.1015625
5 0.62265625 0.646875 0.14140625 0.1078125
6 0.3671875 0.1796875 0.31015625 0.2703125
7 0.4875 0.2484375 0.12578125 0.08046875
8 0.75859375 0.7046875 0.12890625 0.10859375
9 0.7640625 0.825 0.13203125 0.096875
10 0.6546875 0.1875 0.1328125 0.12109375
11 0.89453125 0.46875 0.16171875 0.07890625
12 0.5671875 0.465625 0.16484375 0.1703125
13 0.80390625 0.32578125 0.1625 0.159375
14 0.8890625 0.72421875 0.13984375 0.09609375
15 0.66015625 0.36328125 0.08125 0.0796875