0 0.853125 0.715625 0.1859375 0.0890625
1 0.75546875 0.609375 0.10234375 0.065625
2 0.703125 0.52421875 0.1875 0.0953125
3 0.703125 0.76953125 0.1140625 0.109375
4 0.503125 0.39609375 0.1109375 0.078125
5 0.64140625 0.36015625 0.1328125 0.1
6 0.3640625 0.16875 0.31015625 0.284375
7 0.509375 0.73046875 0.10546875 0.0765625
8 0.5890625 0.6625 0.12109375 0.09375
9 0.8765625 0.5546875 0.125 0.08359375
10 0.884375 0.34765625 0.15234375 0.1171875
11 0.5265625 0.25546875 0.15390625 0.07421875
12 0.7625 0.234375 0.1921875 0.15703125
13 0.43515625 0.6 0.178125 0.08671875
14 0.5234375 0.51171875 0.10625 0.07734375
15 0.609375 0.46875 0.090625 0.05625