0 0.73984375 0.3515625 0.18203125 0.1234375
13 0.5625 0.35 0.1703125 0.115625
8 0.41484375 0.33046875 0.10625 0.11796875
10 0.31015625 0.33828125 0.1234375 0.12421875
14 0.1875 0.33515625 0.128125 0.1328125
5 0.41328125 0.4734375 0.16796875 0.1828125
4 0.05859375 0.49375 0.1171875 0.1140625
9 0.16328125 0.4796875 0.1265625 0.1078125
7 0.27734375 0.47578125 0.10625 0.1125
1 0.28359375 0.62421875 0.1109375 0.08203125
15 0.40078125 0.6171875 0.109375 0.07109375
12 0.75703125 0.528125 0.18984375 0.17890625
6 0.55 0.5609375 0.33203125 0.40859375