5 0.490625 0.7203125 0.16015625 0.10703125
4 0.565625 0.6078125 0.10859375 0.08359375
12 0.3875 0.178125 0.17734375 0.2109375
0 0.82734375 0.73125 0.190625 0.1421875
1 0.7359375 0.6625 0.0921875 0.07890625
2 0.715625 0.8359375 0.221875 0.08828125
3 0.68203125 0.61640625 0.11171875 0.09921875
13 0.58046875 0.41875 0.18828125 0.10546875
14 0.4453125 0.59609375 0.11171875 0.1
15 0.55703125 0.31796875 0.08203125 0.08046875
7 0.71640625 0.28515625 0.10546875 0.08984375
8 0.59453125 0.21484375 0.12578125 0.0984375
10 0.88828125 0.559375 0.1546875 0.103125
9 0.85703125 0.43984375 0.13515625 0.08671875
11 0.7375 0.49609375 0.11640625 0.1046875
6 0.4828125 0.81796875 0.28671875 0.284375