9 0.475 0.84609375 0.128125 0.0984375
11 0.22890625 0.6890625 0.10078125 0.1140625
10 0.22734375 0.8609375 0.1484375 0.103125
7 0.215625 0.2109375 0.14375 0.096875
8 0.2078125 0.36484375 0.17265625 0.09921875
13 0.49296875 0.496875 0.1765625 0.14453125
14 0.4328125 0.65625 0.17734375 0.11015625
15 0.203125 0.50546875 0.12109375 0.0703125
4 0.69375 0.79921875 0.1203125 0.0765625
5 0.7046875 0.9109375 0.1796875 0.12421875
1 0.78359375 0.371875 0.1265625 0.0671875
3 0.78984375 0.1984375 0.15625 0.09453125
2 0.5296875 0.10703125 0.25078125 0.08671875
0 0.496875 0.2796875 0.2609375 0.10859375
12 0.7890625 0.465625 0.26484375 0.14453125
6 0.6703125 0.64453125 0.35390625 0.26953125