9 0.4765625 0.8453125 0.13359375 0.0984375
11 0.2328125 0.68984375 0.10390625 0.12265625
10 0.22890625 0.8640625 0.15234375 0.10625
7 0.21953125 0.209375 0.14140625 0.09453125
8 0.2109375 0.36484375 0.1828125 0.10078125
13 0.471875 0.47578125 0.14140625 0.14921875
14 0.4375 0.6546875 0.17265625 0.11015625
15 0.20625 0.50625 0.12421875 0.0765625
4 0.7015625 0.73984375 0.1390625 0.0921875
5 0.7046875 0.90859375 0.1875 0.1296875
1 0.81484375 0.4 0.1125 0.07109375
3 0.79296875 0.284375 0.1515625 0.090625
2 0.76796875 0.10859375 0.10859375 0.16953125
0 0.5140625 0.20859375 0.1390625 0.1578125
12 0.73359375 0.5953125 0.25234375 0.1453125
6 0.69609375 0.4359375 0.403125 0.3125