9 0.50234375 0.721875 0.13359375 0.09296875
11 0.29140625 0.71171875 0.10625 0.12109375
10 0.228125 0.86171875 0.1546875 0.109375
7 0.215625 0.20703125 0.15390625 0.09765625
8 0.21484375 0.36640625 0.171875 0.09921875
13 0.46796875 0.3359375 0.140625 0.1578125
14 0.45234375 0.55234375 0.13671875 0.08671875
15 0.26640625 0.571875 0.14375 0.0578125
4 0.72109375 0.7546875 0.153125 0.09609375
5 0.64140625 0.86796875 0.15390625 0.10859375
1 0.81484375 0.40546875 0.1265625 0.07109375
3 0.79140625 0.28671875 0.15625 0.09453125
2 0.7671875 0.1078125 0.1109375 0.16875
0 0.4671875 0.115625 0.14921875 0.17265625
12 0.73671875 0.496875 0.2546875 0.1515625
6 0.87890625 0.634375 0.24140625 0.2875