12 0.35390625 0.15078125 0.23125 0.20234375
13 0.6109375 0.371875 0.18984375 0.1359375
14 0.51484375 0.50625 0.1609375 0.103125
15 0.54296875 0.24609375 0.08125 0.0984375
0 0.8625 0.54609375 0.15625 0.1453125
1 0.38828125 0.71328125 0.090625 0.11171875
3 0.70859375 0.22265625 0.1375 0.11796875
2 0.86015625 0.30078125 0.14140625 0.1296875
10 0.7828125 0.415625 0.14375 0.0921875
11 0.66171875 0.66875 0.11171875 0.1453125
9 0.7890625 0.7390625 0.121875 0.0890625
7 0.69921875 0.54140625 0.1390625 0.0953125
8 0.6328125 0.80625 0.15625 0.12421875
5 0.92265625 0.37421875 0.128125 0.09375
4 0.884375 0.66796875 0.1453125 0.0859375
6 0.56953125 0.875 0.3453125 0.25