9 0.47734375 0.84609375 0.128125 0.10234375
11 0.27265625 0.7078125 0.184375 0.06953125
10 0.23046875 0.8609375 0.15234375 0.10625
7 0.21875 0.20703125 0.1453125 0.0953125
8 0.21328125 0.3640625 0.1703125 0.09765625
13 0.46875 0.33515625 0.1390625 0.1546875
14 0.49453125 0.46953125 0.1703125 0.09921875
15 0.26640625 0.57109375 0.13671875 0.053125
4 0.73046875 0.63671875 0.14140625 0.08359375
5 0.7046875 0.9078125 0.18671875 0.128125
1 0.815625 0.40703125 0.12734375 0.0703125
3 0.79375 0.284375 0.146875 0.08984375
2 0.76875 0.109375 0.1140625 0.16953125
0 0.46953125 0.115625 0.146875 0.16875
12 0.72421875 0.47109375 0.25 0.14140625
6 0.47265625 0.6265625 0.37265625 0.26484375