9 0.48046875 0.84765625 0.13125 0.096875
11 0.22890625 0.68984375 0.10703125 0.11328125
10 0.22890625 0.8640625 0.15546875 0.10078125
7 0.21640625 0.2078125 0.15234375 0.09375
8 0.21015625 0.365625 0.17109375 0.09609375
13 0.48046875 0.47734375 0.165625 0.15078125
14 0.4359375 0.65390625 0.17421875 0.1109375
15 0.20390625 0.50625 0.11953125 0.06875
4 0.70078125 0.7375 0.13828125 0.08828125
5 0.70703125 0.9109375 0.18203125 0.12421875
1 0.79296875 0.41875 0.0890625 0.06875
3 0.77421875 0.23359375 0.15625 0.08671875
2 0.6375 0.10234375 0.090625 0.1640625
0 0.5140625 0.2734375 0.14921875 0.16171875
12 0.7609375 0.575 0.23984375 0.16953125
6 0.86640625 0.47890625 0.2671875 0.28125