0 0.8828125 0.57265625 0.2109375 0.1265625
1 0.62578125 0.77890625 0.10078125 0.08671875
2 0.36015625 0.60390625 0.1625 0.1265625
3 0.72421875 0.5375 0.13203125 0.1
4 0.51171875 0.865625 0.1203125 0.1140625
5 0.62265625 0.6390625 0.1359375 0.1078125
6 0.29765625 0.2046875 0.36015625 0.2484375
7 0.50625 0.7328125 0.10546875 0.0890625
8 0.7546875 0.69765625 0.134375 0.1078125
9 0.76171875 0.8265625 0.12421875 0.0984375
10 0.65859375 0.1921875 0.121875 0.10703125
11 0.89375 0.47109375 0.153125 0.08203125
12 0.453125 0.21796875 0.23046875 0.13671875
13 0.8109375 0.3234375 0.17421875 0.15703125
14 0.890625 0.72265625 0.140625 0.10234375
15 0.65390625 0.3625 0.09140625 0.08671875