12 0.35234375 0.146875 0.24140625 0.16796875
2 0.4796875 0.78671875 0.0953125 0.1796875
0 0.8734375 0.54453125 0.18203125 0.159375
1 0.6015625 0.80703125 0.09609375 0.1015625
3 0.7046875 0.22734375 0.16171875 0.1328125
13 0.61796875 0.37578125 0.19609375 0.1609375
14 0.50625 0.5 0.125 0.0859375
15 0.5515625 0.25234375 0.09375 0.090625
8 0.49453125 0.64453125 0.13515625 0.109375
7 0.703125 0.5375 0.10859375 0.08515625
9 0.784375 0.7484375 0.11796875 0.103125
10 0.77890625 0.4125 0.11796875 0.08984375
11 0.67109375 0.6640625 0.10390625 0.128125
5 0.91640625 0.3703125 0.14453125 0.115625
4 0.878125 0.66875 0.14921875 0.08359375
6 0.44140625 0.89921875 0.24453125 0.2015625