0 0.74921875 0.31875 0.1921875 0.1140625
8 0.43046875 0.30625 0.10078125 0.1109375
10 0.3203125 0.31484375 0.1171875 0.1234375
14 0.20625 0.3265625 0.12421875 0.12890625
5 0.0921875 0.34453125 0.14140625 0.1375
4 0.48828125 0.37109375 0.18046875 0.18984375
9 0.19296875 0.46171875 0.1203125 0.1078125
7 0.309375 0.4546875 0.109375 0.1125
1 0.315625 0.58671875 0.109375 0.08046875
15 0.428125 0.5859375 0.109375 0.06640625
12 0.778125 0.48984375 0.16328125 0.19609375
6 0.60546875 0.47578125 0.32890625 0.4921875