9 0.765625 0.57265625 0.10859375 0.07578125
10 0.29140625 0.590625 0.14609375 0.1125
11 0.65546875 0.5484375 0.1234375 0.09296875
7 0.78515625 0.7421875 0.128125 0.0953125
8 0.36640625 0.25703125 0.13359375 0.10546875
13 0.61328125 0.7953125 0.13515625 0.1546875
14 0.74453125 0.4546875 0.14765625 0.0953125
15 0.4484375 0.38125 0.11171875 0.07890625
4 0.5671875 0.6078125 0.09921875 0.08046875
5 0.55625 0.26640625 0.134375 0.10390625
0 0.41171875 0.5 0.20078125 0.1
3 0.58828125 0.43515625 0.11953125 0.10390625
1 0.71328125 0.65 0.1078125 0.06953125
2 0.8375 0.853125 0.18046875 0.171875
12 0.7078125 0.2234375 0.18515625 0.18046875
6 0.7109375 0.91484375 0.378125 0.1703125