9 0.49921875 0.7234375 0.13046875 0.09296875
11 0.28984375 0.7140625 0.09453125 0.12421875
10 0.22890625 0.86328125 0.1515625 0.1109375
7 0.21796875 0.2078125 0.14453125 0.09921875
8 0.2109375 0.3640625 0.17890625 0.10703125
13 0.4671875 0.33671875 0.1421875 0.15859375
14 0.45390625 0.553125 0.14453125 0.0890625
15 0.26796875 0.575 0.14296875 0.06171875
4 0.7265625 0.7546875 0.14296875 0.10078125
5 0.6484375 0.86796875 0.15078125 0.103125
1 0.7859375 0.41171875 0.09296875 0.0796875
3 0.77734375 0.28125 0.15234375 0.096875
2 0.76640625 0.10546875 0.11328125 0.1625
0 0.4671875 0.11484375 0.14921875 0.17109375
12 0.7453125 0.58046875 0.27890625 0.146875
6 0.8578125 0.31171875 0.284375 0.2390625