9 0.47890625 0.84375 0.13046875 0.1015625
11 0.2703125 0.70546875 0.20078125 0.07265625
10 0.2265625 0.8609375 0.15703125 0.1109375
7 0.21953125 0.20703125 0.14296875 0.09609375
8 0.21171875 0.3640625 0.18125 0.09375
13 0.46484375 0.3375 0.13359375 0.1546875
14 0.428125 0.4984375 0.171875 0.1
15 0.26484375 0.57109375 0.14765625 0.0546875
4 0.73125 0.628125 0.14375 0.075
5 0.70390625 0.9078125 0.1921875 0.1296875
1 0.809375 0.40625 0.1390625 0.0703125
3 0.78828125 0.2875 0.153125 0.0921875
2 0.765625 0.10546875 0.1109375 0.1703125
0 0.4671875 0.11484375 0.14921875 0.1703125
12 0.71640625 0.4734375 0.25546875 0.14375
6 0.76796875 0.7609375 0.4640625 0.228125