13 0.50234375 0.196875 0.271875 0.1515625
10 0.32109375 0.3 0.10859375 0.13671875
14 0.203125 0.30390625 0.140625 0.1296875
5 0.08828125 0.340625 0.14375 0.1296875
4 0.10546875 0.4625 0.13203125 0.09375
9 0.2125 0.4328125 0.121875 0.109375
7 0.32734375 0.4265625 0.0953125 0.1
3 0.44296875 0.4125 0.0984375 0.109375
1 0.3421875 0.559375 0.1 0.06953125
15 0.45234375 0.54921875 0.1109375 0.08046875
11 0.54296875 0.496875 0.08671875 0.1546875
2 0.63828125 0.46953125 0.07265625 0.18359375
6 0.70703125 0.2859375 0.3578125 0.43671875