13 0.403125 0.24765625 0.22109375 0.12421875
14 0.5109375 0.49609375 0.14609375 0.0921875
15 0.69140625 0.66875 0.09453125 0.08203125
12 0.53671875 0.3609375 0.246875 0.13203125
0 0.8703125 0.5453125 0.17734375 0.146875
1 0.66328125 0.76015625 0.10546875 0.07578125
2 0.55234375 0.6328125 0.13828125 0.1296875
3 0.70703125 0.19140625 0.13359375 0.1
4 0.878125 0.66796875 0.12578125 0.08359375
5 0.8109375 0.3328125 0.14453125 0.08515625
6 0.43515625 0.084375 0.346875 0.16875
8 0.54609375 0.13046875 0.125 0.11015625
7 0.709375 0.53515625 0.1265625 0.075
9 0.7921875 0.7390625 0.11875 0.0875
11 0.5421875 0.75546875 0.0921875 0.1203125
10 0.7796875 0.415625 0.12734375 0.08125