12 0.3546875 0.14609375 0.21953125 0.1765625
13 0.575 0.36484375 0.18828125 0.0984375
14 0.51953125 0.503125 0.13203125 0.0875
15 0.54921875 0.25546875 0.07265625 0.10234375
11 0.575 0.63984375 0.10625 0.1171875
10 0.765625 0.60078125 0.1359375 0.1046875
9 0.7625 0.46328125 0.125 0.08828125
2 0.665625 0.79921875 0.146875 0.16484375
0 0.87265625 0.77734375 0.13671875 0.16875
3 0.925 0.52890625 0.13046875 0.1078125
1 0.4046875 0.70703125 0.08046875 0.09140625
8 0.55859375 0.10234375 0.1359375 0.11171875
7 0.7078125 0.19296875 0.11796875 0.0953125
4 0.73984375 0.3171875 0.12734375 0.1078125
5 0.90703125 0.36640625 0.140625 0.10859375
6 0.559375 0.8859375 0.29296875 0.22734375