0 0.75703125 0.27734375 0.1703125 0.1234375
8 0.38828125 0.23203125 0.16953125 0.203125
10 0.31171875 0.29765625 0.12265625 0.1171875
14 0.2 0.303125 0.125 0.1234375
5 0.09375 0.3421875 0.1546875 0.1234375
4 0.1 0.4625 0.128125 0.1046875
9 0.21484375 0.43359375 0.1140625 0.1046875
7 0.325 0.428125 0.10625 0.10625
3 0.4296875 0.425 0.096875 0.11875
1 0.34140625 0.55546875 0.1171875 0.06796875
15 0.44375 0.54453125 0.103125 0.07421875
11 0.5359375 0.50703125 0.08515625 0.15
6 0.5640625 0.2453125 0.35 0.3984375