9 0.47734375 0.846875 0.12109375 0.10390625
11 0.2265625 0.68828125 0.09921875 0.11484375
10 0.2296875 0.86328125 0.15 0.10546875
7 0.21796875 0.20859375 0.14453125 0.09921875
8 0.2109375 0.365625 0.16796875 0.09921875
13 0.46875 0.44609375 0.190625 0.1515625
14 0.43125 0.6546875 0.17578125 0.11171875
15 0.20625 0.50625 0.1234375 0.071875
4 0.69765625 0.8 0.128125 0.07890625
5 0.70625 0.9109375 0.18359375 0.1234375
1 0.77734375 0.371875 0.12421875 0.06328125
3 0.790625 0.19765625 0.1546875 0.09296875
2 0.52578125 0.10546875 0.25625 0.09375
0 0.49765625 0.28203125 0.26953125 0.1125
12 0.79140625 0.4640625 0.2421875 0.1453125
6 0.63046875 0.5890625 0.3203125 0.3015625