0 0.62109375 0.16015625 0.1734375 0.16640625
1 0.63125 0.78125 0.10234375 0.08359375
2 0.36328125 0.61796875 0.18671875 0.16484375
3 0.85546875 0.57734375 0.1546875 0.08515625
4 0.89609375 0.76640625 0.12578125 0.08984375
5 0.89140625 0.47421875 0.1421875 0.090625
6 0.31953125 0.2375 0.3171875 0.1703125
7 0.51875 0.6015625 0.103125 0.0890625
8 0.5890625 0.46328125 0.121875 0.10703125
10 0.4296875 0.1953125 0.1453125 0.103125
9 0.7609375 0.83203125 0.128125 0.1109375
11 0.48828125 0.89296875 0.1078125 0.13125
12 0.81484375 0.3265625 0.25625 0.13359375
13 0.70859375 0.4890625 0.11015625 0.1421875
14 0.77109375 0.65234375 0.14375 0.10546875
15 0.6234375 0.63828125 0.07890625 0.0921875