9 0.91953125 0.70078125 0.1265625 0.08984375
10 0.3984375 0.61796875 0.13203125 0.1
11 0.78203125 0.6046875 0.1625 0.06171875
7 0.75234375 0.46328125 0.10625 0.0734375
8 0.76640625 0.303125 0.1265625 0.10859375
13 0.62265625 0.646875 0.12421875 0.1484375
14 0.846875 0.51171875 0.12890625 0.08046875
15 0.603125 0.40390625 0.10703125 0.0671875
4 0.78359375 0.68046875 0.11171875 0.0796875
5 0.84921875 0.39140625 0.13671875 0.08359375
1 0.653125 0.8046875 0.10546875 0.10078125
3 0.671875 0.4953125 0.09765625 0.08515625
2 0.496875 0.74453125 0.11171875 0.1421875
0 0.44140625 0.453125 0.1921875 0.115625
12 0.85625 0.82109375 0.2171875 0.1390625
6 0.58046875 0.88515625 0.31171875 0.2296875