0 0.740625 0.30546875 0.1796875 0.1046875
8 0.42734375 0.3078125 0.11796875 0.12890625
10 0.32109375 0.30859375 0.12265625 0.1203125
14 0.2109375 0.31875 0.125 0.1140625
5 0.10078125 0.34609375 0.14140625 0.13046875
4 0.528125 0.40625 0.16015625 0.20078125
9 0.20078125 0.4640625 0.1234375 0.103125
7 0.30859375 0.4484375 0.1078125 0.109375
3 0.415625 0.45078125 0.10625 0.1203125
1 0.32265625 0.58984375 0.1015625 0.07109375
15 0.425 0.5765625 0.103125 0.07265625
12 0.80546875 0.48203125 0.1546875 0.18671875
6 0.6515625 0.5046875 0.234375 0.3953125