9 0.50078125 0.72265625 0.13359375 0.090625
11 0.2890625 0.7125 0.0984375 0.1203125
10 0.2296875 0.86171875 0.15078125 0.10703125
7 0.2171875 0.20625 0.146875 0.096875
8 0.2125 0.3640625 0.171875 0.096875
13 0.50546875 0.4390625 0.25390625 0.08203125
14 0.48125 0.5984375 0.1328125 0.08203125
15 0.26640625 0.57265625 0.140625 0.05390625
4 0.74765625 0.9046875 0.1484375 0.1046875
5 0.5 0.903125 0.1421875 0.10625
1 0.78125 0.55625 0.096875 0.08203125
3 0.784375 0.45078125 0.18671875 0.07421875
2 0.7890625 0.2796875 0.259375 0.06328125
0 0.5109375 0.28125 0.2515625 0.096875
12 0.74609375 0.7390625 0.259375 0.15625
6 0.90703125 0.33828125 0.1859375 0.2640625