9 0.478125 0.84609375 0.12578125 0.09921875
11 0.23046875 0.68828125 0.096875 0.11328125
10 0.2265625 0.86171875 0.1515625 0.10390625
7 0.21875 0.2078125 0.1421875 0.0953125
8 0.209375 0.3640625 0.16796875 0.09375
13 0.48125 0.47734375 0.171875 0.1484375
14 0.4359375 0.6546875 0.18046875 0.11328125
15 0.203125 0.50703125 0.11875 0.071875
4 0.7015625 0.7375 0.13984375 0.0921875
5 0.7046875 0.91015625 0.1875 0.13125
1 0.8140625 0.403125 0.1171875 0.0765625
3 0.79375 0.28515625 0.14609375 0.08828125
2 0.76875 0.10859375 0.10390625 0.16640625
0 0.5109375 0.26953125 0.15390625 0.15859375
12 0.7609375 0.59609375 0.25078125 0.1484375
6 0.91015625 0.603125 0.17890625 0.20078125