0 0.4609375 0.1640625 0.23203125 0.165625
1 0.625 0.7796875 0.11875 0.08046875
2 0.36875 0.6171875 0.17265625 0.14453125
3 0.85390625 0.57734375 0.16640625 0.08046875
4 0.89453125 0.7609375 0.1390625 0.10234375
5 0.89296875 0.47109375 0.16484375 0.1
6 0.31015625 0.21796875 0.42109375 0.1875
7 0.51640625 0.5984375 0.0984375 0.0828125
8 0.58671875 0.4625 0.12265625 0.09140625
9 0.76640625 0.8296875 0.12734375 0.1203125
10 0.665625 0.19140625 0.13984375 0.115625
11 0.48515625 0.89609375 0.1171875 0.13984375
12 0.82734375 0.32734375 0.2640625 0.128125
13 0.70546875 0.4859375 0.11015625 0.14140625
14 0.77734375 0.65234375 0.1421875 0.103125
15 0.6265625 0.63671875 0.08671875 0.1