9 0.4984375 0.721875 0.13515625 0.08984375
11 0.28671875 0.7125 0.0984375 0.1171875
10 0.22890625 0.86171875 0.1515625 0.10390625
7 0.21640625 0.20703125 0.15234375 0.0984375
8 0.2125 0.36640625 0.17578125 0.09921875
13 0.46953125 0.340625 0.134375 0.1578125
14 0.45625 0.55234375 0.14140625 0.08515625
15 0.26484375 0.57265625 0.140625 0.05546875
4 0.74609375 0.903125 0.1453125 0.10859375
5 0.49609375 0.90234375 0.14140625 0.11171875
1 0.78359375 0.415625 0.0953125 0.078125
3 0.74453125 0.28359375 0.14921875 0.1078125
2 0.76171875 0.1171875 0.2625 0.0875
0 0.46875 0.1140625 0.15 0.17109375
12 0.74453125 0.5796875 0.27421875 0.14609375
6 0.92734375 0.85 0.1453125 0.26875