9 0.50078125 0.72265625 0.1328125 0.08828125
11 0.2875 0.7125 0.09296875 0.11796875
10 0.228125 0.8609375 0.1546875 0.10390625
7 0.2171875 0.20625 0.14921875 0.09609375
8 0.209375 0.3625 0.175 0.0984375
13 0.4671875 0.33515625 0.1390625 0.14921875
14 0.45625 0.55234375 0.13828125 0.0890625
15 0.26875 0.571875 0.140625 0.0515625
4 0.734375 0.73984375 0.14296875 0.09453125
5 0.64140625 0.86875 0.146875 0.1078125
1 0.82109375 0.40625 0.13203125 0.07265625
3 0.79609375 0.2828125 0.16171875 0.09609375
2 0.7671875 0.10546875 0.1140625 0.17578125
0 0.4671875 0.1140625 0.14921875 0.17734375
12 0.715625 0.4734375 0.25 0.14453125
6 0.86328125 0.7953125 0.2734375 0.2765625