0 0.75234375 0.2765625 0.1796875 0.103125
8 0.46640625 0.24375 0.21796875 0.19453125
10 0.31640625 0.29453125 0.109375 0.115625
14 0.19140625 0.30078125 0.14140625 0.128125
5 0.08359375 0.3390625 0.146875 0.13046875
4 0.0984375 0.465625 0.11796875 0.09765625
9 0.21171875 0.44140625 0.1171875 0.1140625
7 0.31875 0.42265625 0.1 0.1140625
1 0.33359375 0.5546875 0.1078125 0.06328125
15 0.45 0.5453125 0.10625 0.07890625
12 0.8078125 0.440625 0.16171875 0.17109375
6 0.56953125 0.4328125 0.41015625 0.3875