12 0.38984375 0.18203125 0.16953125 0.20546875
8 0.603125 0.225 0.1171875 0.09765625
7 0.72109375 0.29609375 0.12109375 0.08984375
13 0.58359375 0.421875 0.1984375 0.096875
14 0.4421875 0.6 0.12109375 0.09375
15 0.5703125 0.32265625 0.103125 0.08046875
0 0.8265625 0.73984375 0.20625 0.14296875
1 0.503125 0.7484375 0.08828125 0.09375
3 0.8671875 0.515625 0.134375 0.09453125
2 0.709375 0.83984375 0.20078125 0.08203125
11 0.578125 0.65234375 0.10625 0.1046875
10 0.75390625 0.621875 0.1265625 0.078125
9 0.66875 0.54921875 0.10390625 0.071875
5 0.8890625 0.43046875 0.12265625 0.07421875
4 0.775 0.409375 0.11015625 0.07734375
6 0.48984375 0.8609375 0.2546875 0.278125