9 0.47734375 0.84765625 0.128125 0.10390625
11 0.22890625 0.6890625 0.1109375 0.11796875
10 0.23046875 0.86015625 0.1484375 0.103125
7 0.21875 0.2078125 0.14140625 0.08984375
8 0.21015625 0.3640625 0.18125 0.09765625
13 0.484375 0.4796875 0.16953125 0.15390625
14 0.4375 0.6546875 0.18359375 0.11171875
15 0.20078125 0.50625 0.1203125 0.0734375
4 0.69921875 0.7375 0.140625 0.0890625
5 0.70625 0.90859375 0.190625 0.13046875
1 0.7484375 0.40546875 0.13515625 0.053125
3 0.784375 0.1953125 0.1625 0.09140625
2 0.52890625 0.1078125 0.25625 0.08984375
0 0.5 0.28046875 0.26328125 0.11328125
12 0.759375 0.5671875 0.24453125 0.178125
6 0.878125 0.26953125 0.24296875 0.31328125