0 0.853125 0.715625 0.19609375 0.0890625
1 0.75625 0.60859375 0.11796875 0.06484375
2 0.44296875 0.2078125 0.21171875 0.0625
3 0.70234375 0.76484375 0.109375 0.1046875
4 0.50078125 0.3984375 0.09296875 0.07578125
5 0.6375 0.36171875 0.1265625 0.09765625
6 0.290625 0.1515625 0.34765625 0.24765625
7 0.50859375 0.73203125 0.1 0.0890625
8 0.5890625 0.6625 0.128125 0.10078125
9 0.9140625 0.55390625 0.12265625 0.0875
10 0.8859375 0.34921875 0.13671875 0.109375
11 0.8875 0.44765625 0.16953125 0.071875
12 0.75546875 0.2359375 0.18828125 0.15546875
13 0.434375 0.59609375 0.18671875 0.08203125
14 0.5234375 0.51171875 0.11328125 0.0796875
15 0.61015625 0.4703125 0.0921875 0.05390625