9 0.47890625 0.84765625 0.14140625 0.10078125
11 0.275 0.7078125 0.19609375 0.075
10 0.2328125 0.8609375 0.1453125 0.10390625
7 0.2171875 0.20625 0.14921875 0.09453125
8 0.21015625 0.36484375 0.184375 0.0984375
13 0.46796875 0.33671875 0.1375 0.1515625
14 0.42734375 0.4921875 0.16015625 0.1
15 0.26328125 0.57421875 0.14140625 0.05546875
4 0.72265625 0.59765625 0.14296875 0.08125
5 0.69296875 0.91640625 0.1703125 0.12421875
1 0.815625 0.4046875 0.13828125 0.0765625
3 0.790625 0.2875 0.15078125 0.08828125
2 0.76484375 0.1078125 0.11328125 0.175
0 0.4671875 0.11484375 0.1421875 0.17265625
12 0.71875 0.47265625 0.253125 0.14140625
6 0.52109375 0.6 0.29296875 0.3296875