9 0.5 0.7234375 0.13515625 0.09140625
11 0.2875 0.715625 0.103125 0.1203125
10 0.228125 0.8625 0.15390625 0.103125
7 0.21796875 0.2078125 0.1515625 0.09921875
8 0.2140625 0.365625 0.18125 0.1
13 0.4671875 0.33671875 0.13671875 0.15625
14 0.453125 0.5515625 0.13515625 0.08515625
15 0.265625 0.5734375 0.13828125 0.05078125
4 0.69140625 0.7640625 0.1328125 0.0921875
5 0.496875 0.9015625 0.14296875 0.10625
1 0.784375 0.41640625 0.09609375 0.07890625
3 0.7421875 0.2828125 0.14765625 0.10625
2 0.76015625 0.11875 0.26328125 0.08984375
0 0.46875 0.1140625 0.15234375 0.16875
12 0.74375 0.58203125 0.27578125 0.14765625
6 0.8328125 0.84453125 0.334375 0.3109375