0 0.6125 0.1609375 0.17421875 0.1765625
1 0.62265625 0.78515625 0.103125 0.09140625
2 0.36796875 0.609375 0.1640625 0.140625
3 0.8515625 0.58203125 0.15234375 0.08359375
4 0.88515625 0.7640625 0.13125 0.1046875
5 0.89140625 0.475 0.15234375 0.1046875
6 0.31796875 0.2875 0.33359375 0.2015625
7 0.51796875 0.60234375 0.1109375 0.09453125
8 0.5765625 0.36640625 0.14296875 0.115625
9 0.76015625 0.8328125 0.11640625 0.11484375
10 0.6203125 0.4859375 0.1359375 0.0890625
11 0.490625 0.89609375 0.1 0.1453125
12 0.8171875 0.32265625 0.27109375 0.13984375
13 0.421875 0.17421875 0.15546875 0.13828125
14 0.7796875 0.6484375 0.1375 0.10625
15 0.6265625 0.63671875 0.0890625 0.09296875