9 0.9171875 0.6984375 0.12109375 0.090625
11 0.778125 0.6046875 0.16171875 0.06875
10 0.40078125 0.61953125 0.1328125 0.09296875
7 0.7515625 0.4640625 0.10078125 0.0734375
8 0.76796875 0.30234375 0.128125 0.115625
13 0.61328125 0.64921875 0.11875 0.1546875
14 0.840625 0.515625 0.13125 0.0875
15 0.6 0.40859375 0.08984375 0.07578125
4 0.78046875 0.684375 0.11875 0.08125
5 0.8515625 0.3921875 0.1515625 0.08828125
1 0.50625 0.55625 0.08359375 0.07109375
3 0.67109375 0.496875 0.09921875 0.0828125
2 0.47265625 0.71484375 0.15546875 0.1296875
0 0.44453125 0.4515625 0.18828125 0.1125
12 0.75625 0.83984375 0.2234375 0.171875
6 0.5890625 0.896875 0.3671875 0.20625