0 0.45859375 0.225 0.2296875 0.1234375
1 0.621875 0.778125 0.1125 0.09296875
2 0.3578125 0.6109375 0.18984375 0.1328125
3 0.73125 0.5265625 0.13125 0.10859375
4 0.51171875 0.8671875 0.1203125 0.10859375
5 0.93046875 0.575 0.1328125 0.08828125
6 0.2921875 0.153125 0.34453125 0.29609375
7 0.51640625 0.59921875 0.121875 0.07578125
8 0.75390625 0.696875 0.13984375 0.1109375
9 0.7640625 0.8265625 0.12578125 0.103125
10 0.65859375 0.1890625 0.13828125 0.11484375
11 0.896875 0.4703125 0.1609375 0.0796875
12 0.5734375 0.4625 0.15625 0.16875
13 0.80625 0.31953125 0.1734375 0.15
14 0.89140625 0.728125 0.13203125 0.096875
15 0.6625 0.35859375 0.084375 0.0890625