9 0.4984375 0.725 0.1359375 0.0953125
11 0.28515625 0.7140625 0.09765625 0.12109375
10 0.2265625 0.8609375 0.15859375 0.10703125
7 0.21875 0.2078125 0.15234375 0.096875
8 0.209375 0.36640625 0.17578125 0.1
13 0.46640625 0.3390625 0.13828125 0.15234375
14 0.490625 0.59453125 0.14375 0.08359375
15 0.26640625 0.5734375 0.13984375 0.05390625
4 0.7484375 0.90546875 0.14609375 0.1078125
5 0.4984375 0.90234375 0.13984375 0.10859375
1 0.78828125 0.4140625 0.09375 0.071875
3 0.7484375 0.28359375 0.1390625 0.10390625
2 0.7609375 0.11875 0.265625 0.0875
0 0.471875 0.11640625 0.1515625 0.16640625
12 0.7453125 0.74609375 0.2625 0.14609375
6 0.71328125 0.51796875 0.37421875 0.30234375