9 0.49921875 0.7234375 0.134375 0.09296875
11 0.2890625 0.71171875 0.0984375 0.121875
10 0.22890625 0.86171875 0.153125 0.10625
7 0.2171875 0.20859375 0.14609375 0.0984375
8 0.20859375 0.3625 0.18046875 0.1
13 0.4625 0.33828125 0.140625 0.15546875
14 0.4515625 0.5515625 0.13671875 0.08671875
15 0.2671875 0.571875 0.14140625 0.05625
4 0.72265625 0.753125 0.15 0.09765625
5 0.646875 0.86875 0.1453125 0.10390625
1 0.7625 0.42890625 0.115625 0.06328125
3 0.7921875 0.284375 0.15390625 0.09453125
2 0.76875 0.10703125 0.1171875 0.16953125
0 0.46953125 0.1140625 0.14765625 0.16953125
12 0.7796875 0.5625 0.26171875 0.1578125
6 0.8578125 0.45625 0.284375 0.25234375