9 0.5 0.72265625 0.12890625 0.0921875
11 0.28828125 0.7125 0.1015625 0.11796875
10 0.22890625 0.8609375 0.153125 0.1046875
7 0.21640625 0.2078125 0.1515625 0.09453125
8 0.2125 0.36328125 0.17578125 0.0984375
13 0.5078125 0.4390625 0.2515625 0.08359375
14 0.48359375 0.5984375 0.1375 0.0875
15 0.26640625 0.5734375 0.14375 0.05546875
4 0.746875 0.90390625 0.1421875 0.103125
5 0.4984375 0.90234375 0.13984375 0.11328125
1 0.78046875 0.55625 0.09921875 0.0796875
3 0.78359375 0.4390625 0.19140625 0.0765625
2 0.7609375 0.11640625 0.26484375 0.09375
0 0.47734375 0.14453125 0.27109375 0.159375
12 0.74296875 0.740625 0.2640625 0.1609375
6 0.71484375 0.271875 0.440625 0.26640625