9 0.4765625 0.84609375 0.1296875 0.09921875
11 0.2296875 0.68984375 0.10859375 0.11171875
10 0.228125 0.8609375 0.14375 0.10234375
7 0.215625 0.20625 0.140625 0.0890625
8 0.21171875 0.36484375 0.16328125 0.09453125
13 0.4828125 0.47890625 0.16328125 0.14765625
14 0.43515625 0.65546875 0.171875 0.1078125
15 0.203125 0.5078125 0.1171875 0.06953125
4 0.69921875 0.7375 0.140625 0.08828125
5 0.703125 0.91015625 0.18359375 0.1234375
1 0.7953125 0.43125 0.1015625 0.07890625
3 0.79296875 0.28515625 0.15234375 0.08515625
2 0.6375 0.10390625 0.090625 0.1671875
0 0.5125 0.27109375 0.14921875 0.1578125
12 0.75859375 0.5734375 0.24921875 0.16640625
6 0.9203125 0.28359375 0.159375 0.271875