0 0.75625 0.23046875 0.196875 0.13203125
13 0.57734375 0.2375 0.18125 0.1359375
8 0.41640625 0.22734375 0.11796875 0.13828125
10 0.303125 0.21015625 0.12890625 0.1421875
14 0.18125 0.215625 0.125 0.12890625
5 0.059375 0.234375 0.11875 0.13203125
4 0.06796875 0.3640625 0.1359375 0.1171875
3 0.41875 0.33046875 0.115625 0.1171875
15 0.415625 0.4546875 0.109375 0.103125
11 0.51171875 0.45390625 0.08828125 0.16640625
2 0.6203125 0.42421875 0.08046875 0.21015625
12 0.79375 0.4046875 0.2515625 0.20390625
6 0.2671875 0.48828125 0.41015625 0.35