13 0.47734375 0.2234375 0.2875 0.3125
8 0.425 0.3015625 0.08515625 0.115625
10 0.32265625 0.303125 0.1078125 0.1234375
14 0.2046875 0.3046875 0.14453125 0.14609375
5 0.0890625 0.34140625 0.13984375 0.121875
4 0.1046875 0.46796875 0.13984375 0.10546875
9 0.21796875 0.44140625 0.1171875 0.0953125
7 0.33125 0.4375 0.1 0.109375
3 0.44140625 0.41875 0.1015625 0.1
1 0.3453125 0.56796875 0.1015625 0.06484375
15 0.45390625 0.5578125 0.1015625 0.07890625
11 0.53984375 0.5078125 0.07734375 0.1453125
6 0.65390625 0.35 0.31953125 0.43828125