9 0.9171875 0.69765625 0.125 0.090625
10 0.40234375 0.62265625 0.13671875 0.09765625
11 0.78203125 0.60546875 0.15625 0.075
7 0.75078125 0.4640625 0.10546875 0.075
8 0.76875 0.30546875 0.12109375 0.10234375
13 0.61171875 0.64609375 0.1125 0.14140625
14 0.84140625 0.5109375 0.1328125 0.08671875
15 0.596875 0.4046875 0.0984375 0.07265625
4 0.778125 0.68046875 0.121875 0.0796875
5 0.8484375 0.3921875 0.1421875 0.09296875
1 0.509375 0.55703125 0.0765625 0.06953125
3 0.66875 0.4953125 0.1046875 0.08984375
2 0.55859375 0.7765625 0.10859375 0.1734375
0 0.4390625 0.4546875 0.18984375 0.1078125
12 0.7296875 0.8203125 0.2109375 0.15
6 0.484375 0.88203125 0.275 0.2359375