0 0.7484375 0.3140625 0.190625 0.11328125
13 0.57734375 0.31796875 0.1671875 0.10234375
8 0.42109375 0.30625 0.1046875 0.11328125
10 0.3234375 0.3125 0.11796875 0.11953125
14 0.20234375 0.32421875 0.13046875 0.1296875
5 0.08828125 0.33203125 0.14375 0.12578125
4 0.4859375 0.4046875 0.20078125 0.18203125
9 0.19140625 0.465625 0.1328125 0.1125
7 0.30546875 0.45078125 0.1203125 0.1140625
1 0.32109375 0.58984375 0.1140625 0.07109375
15 0.43046875 0.58046875 0.0953125 0.07734375
12 0.79609375 0.48671875 0.1515625 0.19296875
6 0.6171875 0.509375 0.29296875 0.44140625