0 0.75546875 0.26640625 0.190625 0.096875
8 0.4234375 0.284375 0.0921875 0.10546875
10 0.31796875 0.290625 0.121875 0.1265625
14 0.19453125 0.303125 0.14296875 0.1421875
5 0.084375 0.346875 0.14921875 0.128125
4 0.09765625 0.4625 0.11640625 0.09921875
9 0.20859375 0.43359375 0.1234375 0.1015625
7 0.315625 0.42890625 0.1125 0.1109375
3 0.4234375 0.42421875 0.11875 0.1296875
1 0.3328125 0.55625 0.115625 0.07265625
15 0.44375 0.5453125 0.09375 0.07578125
11 0.5265625 0.49921875 0.07109375 0.14375
6 0.53828125 0.2296875 0.28359375 0.265625