9 0.49921875 0.72265625 0.13046875 0.09140625
11 0.28828125 0.7125 0.10078125 0.11953125
10 0.23125 0.8625 0.15 0.10234375
7 0.21953125 0.20703125 0.15 0.0953125
8 0.209375 0.36484375 0.17578125 0.10078125
13 0.46640625 0.33671875 0.1375 0.15546875
14 0.45234375 0.55078125 0.134375 0.08828125
15 0.2671875 0.57421875 0.1390625 0.05546875
4 0.72421875 0.75546875 0.14375 0.09453125
5 0.64609375 0.86953125 0.14609375 0.1015625
1 0.784375 0.41953125 0.09609375 0.0796875
3 0.74609375 0.2875 0.1453125 0.109375
2 0.75546875 0.11953125 0.2640625 0.0796875
0 0.4671875 0.11640625 0.15 0.16875
12 0.74375 0.58046875 0.27265625 0.14140625
6 0.91484375 0.2234375 0.1703125 0.328125