9 0.49765625 0.721875 0.13359375 0.09140625
11 0.28828125 0.7140625 0.09765625 0.1234375
10 0.2296875 0.8625 0.1546875 0.10546875
7 0.21953125 0.20703125 0.146875 0.09609375
8 0.21171875 0.36328125 0.1765625 0.1
13 0.503125 0.440625 0.25546875 0.0828125
14 0.4796875 0.5984375 0.13671875 0.08515625
15 0.2671875 0.575 0.14609375 0.05546875
4 0.746875 0.9046875 0.146875 0.10390625
5 0.49609375 0.9015625 0.13828125 0.11015625
1 0.78125 0.55625 0.1046875 0.0796875
3 0.78046875 0.43671875 0.18984375 0.07890625
2 0.7640625 0.11875 0.2671875 0.0875
0 0.4703125 0.11640625 0.14921875 0.17265625
12 0.74296875 0.7390625 0.26328125 0.165625
6 0.89453125 0.35390625 0.2109375 0.203125