0 0.76015625 0.26953125 0.2 0.13125
13 0.565625 0.30859375 0.1859375 0.13515625
8 0.4328125 0.30703125 0.1 0.10859375
10 0.31953125 0.3125 0.1109375 0.1234375
14 0.20234375 0.30390625 0.1265625 0.12578125
5 0.08125 0.33515625 0.1515625 0.12265625
4 0.096875 0.46796875 0.13125 0.1109375
9 0.2109375 0.440625 0.115625 0.096875
7 0.328125 0.43515625 0.1 0.1109375
3 0.440625 0.42109375 0.1 0.1171875
1 0.3359375 0.571875 0.109375 0.06015625
15 0.44296875 0.565625 0.1046875 0.07578125
11 0.540625 0.51796875 0.08203125 0.140625
2 0.6375 0.490625 0.0953125 0.19453125
12 0.78671875 0.46484375 0.19765625 0.19453125
6 0.88515625 0.25625 0.2296875 0.275