9 0.49921875 0.7234375 0.13359375 0.08984375
11 0.28828125 0.7140625 0.096875 0.11796875
10 0.22890625 0.8625 0.15234375 0.109375
7 0.21875 0.20703125 0.14609375 0.09453125
8 0.209375 0.36484375 0.175 0.09609375
13 0.465625 0.33671875 0.1359375 0.15390625
14 0.45390625 0.55 0.13671875 0.08203125
15 0.265625 0.5734375 0.1359375 0.059375
4 0.72421875 0.75234375 0.15390625 0.09609375
5 0.64296875 0.86796875 0.146875 0.1015625
1 0.7828125 0.41875 0.1 0.07734375
3 0.74453125 0.28359375 0.14765625 0.1015625
2 0.76953125 0.10546875 0.1046875 0.1640625
0 0.46953125 0.1140625 0.1578125 0.171875
12 0.74296875 0.578125 0.2734375 0.14453125
6 0.8859375 0.32734375 0.228125 0.2703125