9 0.765625 0.57109375 0.10625 0.0703125
10 0.29140625 0.55234375 0.1171875 0.09296875
11 0.65859375 0.534375 0.1234375 0.09609375
7 0.80078125 0.78046875 0.13046875 0.10703125
8 0.40546875 0.225 0.13984375 0.10078125
13 0.5203125 0.8140625 0.1875 0.1421875
14 0.75625 0.45078125 0.14609375 0.08984375
15 0.478125 0.3546875 0.109375 0.07890625
4 0.5640625 0.58984375 0.103125 0.0734375
5 0.59609375 0.24921875 0.13125 0.11328125
3 0.603125 0.41953125 0.10859375 0.09765625
2 0.46484375 0.66640625 0.12265625 0.146875
1 0.70859375 0.640625 0.11171875 0.075
0 0.42109375 0.4765625 0.19140625 0.11328125
12 0.75234375 0.22734375 0.16484375 0.184375
6 0.70546875 0.8484375 0.40625 0.2859375