0 0.87578125 0.42421875 0.20390625 0.109375
1 0.628125 0.77734375 0.10546875 0.0890625
2 0.3625 0.609375 0.1734375 0.121875
3 0.85390625 0.57734375 0.153125 0.0828125
4 0.89921875 0.75859375 0.13515625 0.09375
5 0.50703125 0.1921875 0.15 0.1140625
6 0.37109375 0.1671875 0.39453125 0.2609375
7 0.51875 0.5953125 0.09453125 0.0796875
8 0.71640625 0.509375 0.1265625 0.09609375
9 0.76796875 0.8296875 0.1203125 0.121875
10 0.65703125 0.19140625 0.13203125 0.11328125
11 0.4921875 0.8921875 0.11484375 0.140625
12 0.56796875 0.46171875 0.153125 0.175
13 0.79921875 0.3140625 0.15078125 0.13984375
14 0.7765625 0.65 0.13359375 0.0984375
15 0.6265625 0.63359375 0.0828125 0.08203125