12 0.38515625 0.17578125 0.15859375 0.196875
8 0.60390625 0.2265625 0.13203125 0.11015625
7 0.72578125 0.28984375 0.12265625 0.0921875
13 0.5859375 0.41953125 0.21328125 0.1015625
14 0.453125 0.59375 0.125 0.07421875
15 0.565625 0.3203125 0.071875 0.08203125
4 0.775 0.4109375 0.11640625 0.08828125
5 0.88515625 0.43359375 0.11796875 0.08984375
11 0.58046875 0.6515625 0.115625 0.115625
10 0.87421875 0.56171875 0.1359375 0.10703125
9 0.7046875 0.5453125 0.1125 0.0890625
0 0.82109375 0.73828125 0.203125 0.14609375
2 0.70078125 0.84609375 0.20546875 0.10546875
1 0.9703125 0.50390625 0.059375 0.0921875
3 0.9671875 0.66171875 0.065625 0.08359375