0 0.890625 0.56875 0.19296875 0.12734375
1 0.6265625 0.7765625 0.09609375 0.08671875
2 0.91015625 0.396875 0.1796875 0.06640625
3 0.72265625 0.53046875 0.1328125 0.11484375
4 0.55625 0.47421875 0.13046875 0.07109375
5 0.63046875 0.64765625 0.128125 0.11796875
6 0.440625 0.2171875 0.2765625 0.2609375
7 0.51171875 0.72734375 0.1078125 0.0875
8 0.75703125 0.6984375 0.1328125 0.1078125
9 0.7671875 0.82421875 0.11171875 0.1
10 0.83125 0.31484375 0.16953125 0.10234375
11 0.56484375 0.27890625 0.1796875 0.09921875
12 0.55859375 0.86875 0.23828125 0.14765625
13 0.42890625 0.5984375 0.20390625 0.1046875
14 0.8984375 0.72578125 0.1375 0.10546875
15 0.68828125 0.40078125 0.11796875 0.06328125