6 0.17265625 0.2578125 0.31171875 0.19921875
13 0.4046875 0.25859375 0.19296875 0.13984375
14 0.5234375 0.49609375 0.1234375 0.084375
15 0.69296875 0.665625 0.0828125 0.08046875
0 0.86640625 0.54296875 0.1890625 0.15703125
1 0.66953125 0.765625 0.11953125 0.09296875
2 0.55546875 0.6296875 0.1328125 0.12734375
3 0.7203125 0.1671875 0.12421875 0.10234375
4 0.88828125 0.66796875 0.13515625 0.08515625
5 0.91875 0.37109375 0.12734375 0.09453125
7 0.7 0.5375 0.12421875 0.0875
8 0.534375 0.14609375 0.13125 0.1140625
10 0.778125 0.41484375 0.11796875 0.08828125
9 0.78828125 0.73984375 0.1203125 0.09296875
11 0.53515625 0.75625 0.103125 0.11953125
12 0.7234375 0.3 0.2203125 0.1390625