13 0.6140625 0.37421875 0.1796875 0.1515625
14 0.51328125 0.4984375 0.1109375 0.09453125
15 0.55390625 0.25 0.09921875 0.0921875
0 0.8609375 0.5453125 0.159375 0.1671875
1 0.6828125 0.8109375 0.103125 0.096875
2 0.51328125 0.66796875 0.1578125 0.16171875
3 0.7109375 0.2234375 0.11953125 0.1015625
12 0.36640625 0.15390625 0.19296875 0.17890625
7 0.7046875 0.5421875 0.115625 0.09609375
8 0.7765625 0.31875 0.15 0.09375
5 0.92421875 0.37109375 0.1234375 0.09765625
4 0.8828125 0.66640625 0.12890625 0.0953125
9 0.7890625 0.7359375 0.1125 0.08515625
10 0.7765625 0.41484375 0.12265625 0.09296875
11 0.678125 0.6625 0.0859375 0.11875
6 0.5109375 0.8328125 0.22734375 0.29375