0 0.84921875 0.71328125 0.20078125 0.1
1 0.75390625 0.609375 0.09609375 0.07578125
2 0.6984375 0.52421875 0.1859375 0.0984375
3 0.70546875 0.759375 0.1140625 0.109375
4 0.50390625 0.3984375 0.09453125 0.08203125
5 0.63984375 0.359375 0.12890625 0.0984375
6 0.453125 0.17734375 0.3078125 0.2703125
7 0.51328125 0.7328125 0.09375 0.0875
8 0.5859375 0.66484375 0.1203125 0.09140625
9 0.88125 0.5546875 0.14140625 0.0609375
10 0.54609375 0.2453125 0.121875 0.09921875
11 0.8625 0.4734375 0.1671875 0.0828125
12 0.765625 0.2375 0.1953125 0.15078125
13 0.43359375 0.6 0.18515625 0.08203125
14 0.5234375 0.5140625 0.11953125 0.08359375
15 0.61171875 0.471875 0.0953125 0.05234375