0 0.8234375 0.33984375 0.20390625 0.10703125
1 0.62734375 0.7796875 0.1109375 0.09453125
2 0.365625 0.609375 0.16484375 0.12578125
3 0.85234375 0.58046875 0.14375 0.08671875
4 0.89296875 0.7609375 0.12890625 0.0875
5 0.88828125 0.46640625 0.16484375 0.10859375
6 0.3328125 0.22109375 0.4421875 0.215625
7 0.5203125 0.6046875 0.109375 0.1
8 0.590625 0.4609375 0.11171875 0.109375
9 0.76640625 0.8296875 0.13125 0.13203125
10 0.6609375 0.1890625 0.12578125 0.1203125
11 0.4953125 0.89609375 0.1203125 0.1421875
12 0.47421875 0.1703125 0.20859375 0.190625
13 0.7078125 0.48828125 0.10546875 0.15
14 0.77578125 0.65078125 0.15078125 0.1046875
15 0.62734375 0.63984375 0.08515625 0.0875