0 0.8734375 0.43203125 0.2140625 0.1234375
1 0.628125 0.78125 0.0921875 0.0765625
2 0.3640625 0.61640625 0.1609375 0.146875
3 0.7265625 0.53359375 0.13359375 0.109375
4 0.51640625 0.86640625 0.12109375 0.1203125
5 0.93125 0.5765625 0.13515625 0.09140625
6 0.3625 0.21171875 0.33984375 0.23671875
7 0.51796875 0.59921875 0.10546875 0.08203125
8 0.75078125 0.696875 0.14140625 0.1015625
9 0.76875 0.82734375 0.1234375 0.103125
10 0.6578125 0.18984375 0.12890625 0.11328125
11 0.6828125 0.3875 0.121875 0.103125
12 0.5671875 0.46484375 0.1546875 0.171875
13 0.80546875 0.31875 0.13828125 0.13828125
14 0.89140625 0.7234375 0.1359375 0.09609375
15 0.48046875 0.26328125 0.12109375 0.06171875