0 0.87265625 0.43125 0.209375 0.11015625
1 0.62578125 0.77890625 0.1109375 0.0890625
2 0.36484375 0.61484375 0.1796875 0.15625
3 0.8515625 0.57421875 0.15546875 0.08125
4 0.896875 0.76171875 0.12421875 0.10390625
5 0.4859375 0.22734375 0.15546875 0.10859375
6 0.35078125 0.20390625 0.3734375 0.25
7 0.51171875 0.6 0.1109375 0.090625
8 0.71484375 0.5046875 0.13046875 0.09140625
9 0.76171875 0.82421875 0.12734375 0.103125
10 0.65625 0.1875 0.13359375 0.11328125
11 0.4953125 0.89140625 0.12109375 0.1390625
12 0.565625 0.46015625 0.15546875 0.1734375
13 0.80234375 0.31796875 0.15078125 0.13515625
14 0.775 0.65 0.1421875 0.0984375
15 0.62421875 0.63359375 0.08515625 0.08984375