0 0.88671875 0.5734375 0.2046875 0.12109375
1 0.63125 0.77734375 0.10078125 0.07734375
2 0.3640625 0.61328125 0.1875 0.11953125
3 0.72890625 0.53359375 0.1328125 0.11328125
4 0.55234375 0.47421875 0.11796875 0.09140625
5 0.625 0.64375 0.1296875 0.10390625
6 0.35 0.19453125 0.3484375 0.25390625
7 0.5078125 0.7328125 0.09453125 0.0875
8 0.753125 0.696875 0.1375 0.09921875
9 0.76015625 0.82265625 0.13671875 0.10078125
10 0.84140625 0.3203125 0.15625 0.1078125
11 0.89296875 0.46484375 0.16484375 0.084375
12 0.553125 0.86796875 0.25390625 0.14609375
13 0.5359375 0.25390625 0.19453125 0.1078125
14 0.89765625 0.7296875 0.13515625 0.09609375
15 0.684375 0.4 0.1234375 0.0609375