9 0.47578125 0.84453125 0.13203125 0.1
11 0.22890625 0.690625 0.1 0.1140625
10 0.22890625 0.86171875 0.1453125 0.10234375
7 0.2171875 0.209375 0.1359375 0.09453125
8 0.2125 0.36328125 0.1640625 0.09609375
13 0.48515625 0.47578125 0.16796875 0.1484375
14 0.434375 0.65390625 0.178125 0.1109375
15 0.20625 0.50546875 0.128125 0.071875
4 0.703125 0.73671875 0.13515625 0.08828125
5 0.70390625 0.90859375 0.18984375 0.125
1 0.68046875 0.42109375 0.12109375 0.0671875
3 0.8 0.20078125 0.18984375 0.08125
2 0.52890625 0.10859375 0.24921875 0.08984375
0 0.49765625 0.28125 0.25859375 0.11328125
12 0.76171875 0.56875 0.24921875 0.17421875
6 0.8109375 0.3578125 0.378125 0.2515625