9 0.471875 0.84453125 0.128125 0.09453125
11 0.228125 0.6890625 0.103125 0.11484375
10 0.22734375 0.8625 0.1484375 0.10625
7 0.2171875 0.20625 0.1359375 0.09296875
8 0.21171875 0.36484375 0.17265625 0.096875
13 0.4796875 0.4796875 0.175 0.14921875
14 0.43984375 0.65546875 0.17421875 0.10703125
15 0.20390625 0.50703125 0.12421875 0.07109375
4 0.71796875 0.79765625 0.140625 0.09453125
5 0.70625 0.91171875 0.184375 0.125
1 0.78203125 0.3734375 0.13671875 0.071875
3 0.7859375 0.1984375 0.1765625 0.09375
2 0.52578125 0.109375 0.25234375 0.090625
0 0.4984375 0.2828125 0.2640625 0.11171875
12 0.75859375 0.56875 0.2390625 0.175
6 0.8734375 0.8046875 0.253125 0.22109375