12 0.35 0.1515625 0.22265625 0.16875
8 0.5609375 0.10234375 0.125 0.1109375
7 0.6734375 0.6640625 0.1078125 0.0921875
13 0.615625 0.378125 0.19296875 0.1484375
14 0.50703125 0.49921875 0.1265625 0.09453125
15 0.553125 0.24921875 0.084375 0.09609375
0 0.8671875 0.78125 0.16328125 0.1765625
1 0.40625 0.7046875 0.09375 0.10546875
3 0.9234375 0.52421875 0.13359375 0.1078125
2 0.85 0.3 0.16171875 0.14453125
5 0.91953125 0.3703125 0.12890625 0.0875
4 0.68515625 0.8078125 0.125 0.10078125
6 0.61640625 0.87421875 0.32109375 0.23125
9 0.52421875 0.76015625 0.115625 0.096875
10 0.7765625 0.5984375 0.140625 0.0859375
11 0.56953125 0.640625 0.1140625 0.11796875