9 0.478125 0.84453125 0.1328125 0.09609375
11 0.303125 0.72421875 0.1125 0.1046875
10 0.2265625 0.859375 0.15859375 0.10234375
7 0.2171875 0.20703125 0.153125 0.1015625
8 0.2125 0.36484375 0.16875 0.1015625
13 0.46953125 0.33515625 0.140625 0.1609375
14 0.45390625 0.5515625 0.140625 0.08359375
15 0.265625 0.57109375 0.13515625 0.05234375
4 0.7296875 0.59453125 0.14375 0.08203125
5 0.703125 0.91015625 0.1765625 0.13203125
1 0.8203125 0.40703125 0.12734375 0.071875
3 0.79765625 0.2859375 0.15390625 0.09140625
2 0.771875 0.10703125 0.11328125 0.17265625
0 0.4671875 0.1140625 0.15234375 0.17421875
12 0.71796875 0.4703125 0.25859375 0.140625
6 0.471875 0.70078125 0.46484375 0.2140625