9 0.5 0.72265625 0.1359375 0.09375
11 0.2875 0.71328125 0.09921875 0.1203125
10 0.22890625 0.8625 0.15234375 0.10546875
7 0.215625 0.20703125 0.15 0.09609375
8 0.2078125 0.3640625 0.1796875 0.09765625
13 0.475 0.36875 0.22421875 0.1625
14 0.4796875 0.5984375 0.13984375 0.0875
15 0.26640625 0.5734375 0.140625 0.05546875
4 0.746875 0.90546875 0.15 0.10546875
5 0.4984375 0.9015625 0.13828125 0.11015625
1 0.7875 0.415625 0.09296875 0.07890625
3 0.7453125 0.2828125 0.14609375 0.10859375
2 0.76484375 0.1171875 0.26875 0.08515625
0 0.47109375 0.1140625 0.15703125 0.17109375
12 0.74375 0.75625 0.26484375 0.12421875
6 0.646875 0.51171875 0.32421875 0.2984375