9 0.478125 0.846875 0.1328125 0.10078125
11 0.27265625 0.7078125 0.1984375 0.075
10 0.23046875 0.86171875 0.15625 0.11015625
7 0.21875 0.2078125 0.1484375 0.09921875
8 0.2109375 0.36640625 0.1828125 0.103125
13 0.46796875 0.33671875 0.14140625 0.15703125
14 0.49609375 0.4671875 0.165625 0.0953125
15 0.26484375 0.575 0.14453125 0.06171875
5 0.70546875 0.9109375 0.18203125 0.134375
1 0.81875 0.4015625 0.12421875 0.0578125
3 0.79296875 0.284375 0.1546875 0.08828125
2 0.76640625 0.10625 0.109375 0.16953125
0 0.46875 0.11484375 0.1484375 0.1703125
6 0.675 0.559375 0.409375 0.3375