9 0.4765625 0.8484375 0.13359375 0.10625
11 0.22734375 0.6890625 0.11015625 0.11796875
10 0.228125 0.86015625 0.15078125 0.10546875
7 0.215625 0.2078125 0.146875 0.09375
8 0.2078125 0.3640625 0.171875 0.09765625
13 0.48125 0.43828125 0.25859375 0.084375
14 0.4828125 0.64609375 0.1328125 0.08671875
15 0.2046875 0.50625 0.1140625 0.0734375
4 0.73515625 0.734375 0.13359375 0.0890625
5 0.74453125 0.86796875 0.16328125 0.11484375
1 0.778125 0.3734375 0.13515625 0.07265625
3 0.78828125 0.1984375 0.1703125 0.0984375
2 0.5265625 0.10859375 0.25078125 0.0875
0 0.496875 0.28125 0.26484375 0.1140625
12 0.83203125 0.5375 0.20859375 0.196875
6 0.8265625 0.66875 0.346875 0.325