9 0.76328125 0.571875 0.11015625 0.07265625
10 0.2890625 0.55703125 0.125 0.09140625
11 0.66328125 0.53359375 0.115625 0.0890625
7 0.796875 0.75625 0.1328125 0.10390625
8 0.40546875 0.228125 0.13671875 0.10859375
13 0.5109375 0.81171875 0.19609375 0.15234375
14 0.75859375 0.44921875 0.1578125 0.0953125
15 0.47578125 0.3546875 0.09765625 0.07734375
0 0.42734375 0.47265625 0.19609375 0.1125
1 0.70859375 0.63984375 0.1015625 0.06953125
2 0.459375 0.66796875 0.13203125 0.13984375
3 0.603125 0.41875 0.1078125 0.10390625
4 0.56171875 0.5921875 0.1078125 0.0828125
5 0.60078125 0.253125 0.1296875 0.11484375
12 0.75546875 0.2234375 0.19140625 0.1859375