9 0.4796875 0.8453125 0.12890625 0.0984375
11 0.22734375 0.6875 0.096875 0.11328125
10 0.22734375 0.8609375 0.15234375 0.10234375
7 0.21796875 0.2078125 0.140625 0.09453125
8 0.2109375 0.3640625 0.17109375 0.096875
13 0.48203125 0.478125 0.165625 0.14765625
14 0.43671875 0.65390625 0.17265625 0.1109375
15 0.2046875 0.50546875 0.12421875 0.07109375
4 0.7 0.73671875 0.13671875 0.08671875
5 0.70625 0.90859375 0.1828125 0.12421875
1 0.79453125 0.43203125 0.10390625 0.071875
3 0.79453125 0.2859375 0.1453125 0.0875
2 0.76875 0.11015625 0.103125 0.1671875
0 0.5125 0.2703125 0.153125 0.15703125
12 0.7625 0.5734375 0.25703125 0.16875
6 0.93203125 0.5 0.13515625 0.2375