9 0.4984375 0.72265625 0.1328125 0.0953125
11 0.2890625 0.7125 0.10234375 0.11796875
10 0.2296875 0.86328125 0.14765625 0.10625
7 0.21953125 0.20703125 0.1546875 0.09765625
8 0.2109375 0.365625 0.171875 0.0984375
13 0.46953125 0.33671875 0.140625 0.15234375
14 0.4546875 0.55390625 0.13125 0.0875
15 0.26640625 0.571875 0.13984375 0.05625
4 0.72578125 0.7546875 0.1453125 0.096875
5 0.6453125 0.86953125 0.1515625 0.1078125
1 0.78515625 0.4125 0.09453125 0.07890625
3 0.79453125 0.284375 0.15859375 0.08984375
2 0.76875 0.10625 0.10703125 0.165625
0 0.46875 0.11484375 0.14921875 0.1703125
12 0.75078125 0.57265625 0.2765625 0.14375
6 0.89375 0.56953125 0.21171875 0.23203125