9 0.49921875 0.72421875 0.13046875 0.09296875
11 0.2875 0.7140625 0.0953125 0.1203125
10 0.22890625 0.86171875 0.15234375 0.1078125
7 0.2171875 0.20546875 0.1453125 0.096875
8 0.21171875 0.3640625 0.17265625 0.0984375
13 0.48125 0.39296875 0.25390625 0.0828125
14 0.48203125 0.5984375 0.13046875 0.08203125
15 0.26328125 0.575 0.1453125 0.05546875
4 0.746875 0.90546875 0.14375 0.10234375
5 0.49765625 0.90234375 0.134375 0.11015625
1 0.78828125 0.41328125 0.09140625 0.07421875
3 0.74375 0.28203125 0.14765625 0.10234375
2 0.76328125 0.11875 0.26328125 0.08515625
0 0.46875 0.1171875 0.14921875 0.16953125
12 0.746875 0.7484375 0.25859375 0.13984375
6 0.67109375 0.49140625 0.30390625 0.3390625