0 0.88671875 0.571875 0.2015625 0.12578125
1 0.63125 0.77890625 0.10234375 0.084375
2 0.90390625 0.39765625 0.19140625 0.06953125
3 0.603125 0.25390625 0.14609375 0.12734375
4 0.553125 0.47109375 0.11953125 0.0765625
5 0.6265625 0.64296875 0.125 0.11328125
6 0.47578125 0.2375 0.30859375 0.259375
7 0.5078125 0.72890625 0.11484375 0.09921875
8 0.75859375 0.696875 0.1328125 0.1171875
9 0.76875 0.825 0.121875 0.1078125
10 0.8421875 0.315625 0.1609375 0.0953125
11 0.71484375 0.51796875 0.1484375 0.103125
12 0.55 0.87109375 0.24921875 0.140625
13 0.43203125 0.5984375 0.21015625 0.1078125
14 0.89453125 0.72265625 0.13203125 0.1046875
15 0.6953125 0.40546875 0.14609375 0.0671875