12 0.3546875 0.14375 0.21640625 0.178125
8 0.55703125 0.10625 0.1296875 0.125
7 0.69609375 0.53359375 0.12578125 0.08359375
6 0.57734375 0.8734375 0.38046875 0.253125
0 0.87109375 0.5421875 0.18203125 0.14140625
1 0.39375 0.703125 0.10234375 0.09375
3 0.61875 0.778125 0.10859375 0.09609375
2 0.85390625 0.29921875 0.14296875 0.14609375
13 0.61328125 0.378125 0.2015625 0.15703125
14 0.51171875 0.4984375 0.1265625 0.09140625
15 0.55 0.25 0.09453125 0.08671875
10 0.7796875 0.4109375 0.13359375 0.08359375
11 0.6640625 0.66328125 0.10703125 0.121875
9 0.79140625 0.7453125 0.1140625 0.10859375
4 0.8796875 0.66796875 0.12890625 0.10234375
5 0.92109375 0.3734375 0.1265625 0.096875