9 0.478125 0.84765625 0.13359375 0.10390625
11 0.23046875 0.6921875 0.10703125 0.11953125
10 0.228125 0.86328125 0.15078125 0.103125
7 0.21796875 0.20703125 0.14765625 0.09296875
8 0.20703125 0.36328125 0.17890625 0.1
13 0.484375 0.4375 0.25390625 0.0796875
14 0.4828125 0.64609375 0.1359375 0.09140625
15 0.2 0.50625 0.115625 0.071875
4 0.734375 0.73359375 0.14296875 0.0890625
5 0.74296875 0.86875 0.15546875 0.1140625
1 0.778125 0.37421875 0.13203125 0.0703125
3 0.78828125 0.20234375 0.1671875 0.09765625
2 0.52421875 0.1109375 0.25234375 0.0953125
0 0.49765625 0.2828125 0.26328125 0.11484375
12 0.7859375 0.55078125 0.2484375 0.18984375