9 0.4765625 0.8453125 0.14375 0.096875
11 0.2265625 0.68515625 0.10234375 0.11484375
10 0.2296875 0.8609375 0.146875 0.11015625
7 0.2171875 0.2078125 0.14609375 0.0984375
8 0.21015625 0.3625 0.16953125 0.103125
13 0.4859375 0.43984375 0.246875 0.0828125
14 0.4390625 0.64375 0.1765625 0.11015625
15 0.20234375 0.5078125 0.13125 0.07421875
4 0.70546875 0.7921875 0.140625 0.09609375
5 0.7078125 0.909375 0.1828125 0.12265625
1 0.77890625 0.3703125 0.1234375 0.06796875
3 0.78671875 0.20078125 0.1734375 0.09921875
2 0.53046875 0.1109375 0.2625 0.09453125
0 0.49609375 0.28203125 0.26953125 0.1140625
12 0.7625 0.4796875 0.25703125 0.15625
6 0.64921875 0.6515625 0.51015625 0.19375