0 0.74140625 0.3109375 0.17578125 0.11171875
13 0.56875 0.32578125 0.1828125 0.12265625
8 0.4296875 0.31953125 0.109375 0.12421875
10 0.32109375 0.31015625 0.12265625 0.1203125
14 0.21015625 0.32578125 0.1375 0.12265625
7 0.296875 0.4546875 0.10625 0.109375
3 0.40546875 0.453125 0.109375 0.1125
15 0.42265625 0.584375 0.1109375 0.07578125
11 0.525 0.53515625 0.08671875 0.1453125
2 0.62265625 0.50703125 0.08828125 0.19921875
12 0.771875 0.478125 0.20703125 0.19140625
6 0.11875 0.46015625 0.23671875 0.340625