9 0.49921875 0.72265625 0.12734375 0.0890625
11 0.2890625 0.71328125 0.103125 0.12109375
10 0.2296875 0.8609375 0.15390625 0.1046875
7 0.2171875 0.20703125 0.14921875 0.10234375
8 0.2125 0.36328125 0.18203125 0.1
13 0.465625 0.33515625 0.15078125 0.153125
14 0.45703125 0.54921875 0.14921875 0.09140625
15 0.2640625 0.5734375 0.14296875 0.05390625
4 0.7234375 0.75390625 0.1421875 0.09609375
5 0.64609375 0.871875 0.14921875 0.109375
1 0.81171875 0.4046875 0.12734375 0.07109375
3 0.79453125 0.28359375 0.1578125 0.090625
2 0.76640625 0.1078125 0.11328125 0.1703125
0 0.46953125 0.11328125 0.16171875 0.17265625
12 0.77734375 0.5625 0.2671875 0.15625
6 0.91796875 0.4546875 0.1640625 0.2125