0 0.90859375 0.67890625 0.18046875 0.146875
1 0.76875 0.61171875 0.12265625 0.06875
2 0.72578125 0.49140625 0.165625 0.1265625
3 0.7046875 0.7015625 0.1125 0.1078125
4 0.53828125 0.3078125 0.09453125 0.08203125
5 0.64375 0.35859375 0.140625 0.10859375
6 0.4375 0.2203125 0.30234375 0.2640625
7 0.57265625 0.71328125 0.10859375 0.09375
8 0.6375 0.59375 0.1140625 0.0796875
9 0.9109375 0.553125 0.128125 0.07890625
10 0.8859375 0.346875 0.1484375 0.1046875
11 0.88984375 0.45 0.1578125 0.0578125
12 0.75703125 0.23671875 0.1953125 0.15703125
13 0.45390625 0.62578125 0.2 0.11015625
14 0.421875 0.53125 0.11875 0.08359375
15 0.6046875 0.46953125 0.10703125 0.06015625