9 0.5 0.72265625 0.134375 0.09140625
11 0.2890625 0.71484375 0.103125 0.12265625
10 0.2296875 0.8625 0.153125 0.10390625
7 0.21640625 0.2078125 0.15234375 0.09765625
8 0.21171875 0.365625 0.17421875 0.09765625
13 0.4671875 0.3375 0.1390625 0.14921875
14 0.6484375 0.56640625 0.14375 0.084375
15 0.2671875 0.57265625 0.1421875 0.05234375
4 0.7484375 0.903125 0.14609375 0.10625
5 0.49609375 0.90234375 0.13515625 0.103125
1 0.78671875 0.41640625 0.1015625 0.0734375
3 0.746875 0.28515625 0.14921875 0.10703125
2 0.76328125 0.1171875 0.26953125 0.084375
0 0.46953125 0.11484375 0.15 0.1671875
12 0.74375 0.73984375 0.265625 0.159375
6 0.7640625 0.56640625 0.471875 0.19765625