9 0.7625 0.57421875 0.109375 0.06953125
10 0.2890625 0.58828125 0.14453125 0.10859375
11 0.6578125 0.5453125 0.11796875 0.10390625
8 0.36328125 0.25078125 0.1546875 0.1078125
7 0.79921875 0.74375 0.15390625 0.0890625
13 0.484375 0.68359375 0.175 0.1578125
14 0.7421875 0.45546875 0.15546875 0.09609375
15 0.446875 0.38359375 0.1078125 0.078125
4 0.56953125 0.60859375 0.10390625 0.07734375
5 0.5578125 0.26640625 0.125 0.09921875
0 0.41640625 0.50078125 0.20546875 0.1125
3 0.5875 0.434375 0.10546875 0.0953125
1 0.7140625 0.64453125 0.10234375 0.071875
2 0.75234375 0.8875 0.22109375 0.125
12 0.7203125 0.22734375 0.17265625 0.18984375
6 0.52734375 0.8609375 0.27890625 0.26484375