12 0.3890625 0.17890625 0.16015625 0.19296875
8 0.6046875 0.225 0.1234375 0.09609375
7 0.72265625 0.2921875 0.12265625 0.08125
13 0.5828125 0.41953125 0.19609375 0.10078125
14 0.44375 0.6015625 0.1203125 0.09140625
15 0.56484375 0.3234375 0.0734375 0.07421875
4 0.77734375 0.41328125 0.10859375 0.090625
5 0.88984375 0.43515625 0.12109375 0.084375
11 0.57578125 0.61875 0.0984375 0.1140625
9 0.69921875 0.54921875 0.121875 0.08671875
10 0.87421875 0.56640625 0.13515625 0.1015625
0 0.8296875 0.7421875 0.2 0.1546875
2 0.7015625 0.84453125 0.1984375 0.0921875
3 0.9703125 0.509375 0.059375 0.0890625
1 0.96796875 0.6609375 0.0640625 0.07734375
6 0.5671875 0.75859375 0.2625 0.259375