0 0.73828125 0.67421875 0.18046875 0.1453125
1 0.62890625 0.7796875 0.10390625 0.08671875
2 0.8265625 0.459375 0.20859375 0.09296875
3 0.54140625 0.27890625 0.1828125 0.1109375
4 0.553125 0.47578125 0.10703125 0.0875
5 0.62890625 0.640625 0.128125 0.1109375
6 0.41328125 0.20625 0.3578125 0.30390625
7 0.509375 0.73125 0.1125 0.09296875
8 0.81171875 0.5765625 0.16171875 0.096875
9 0.76328125 0.82265625 0.12265625 0.11015625
10 0.834375 0.3203125 0.15078125 0.1125
11 0.71796875 0.515625 0.13828125 0.08046875
12 0.5484375 0.86796875 0.25234375 0.1515625
13 0.4359375 0.59765625 0.19609375 0.0921875
14 0.88515625 0.72421875 0.146875 0.10390625
15 0.68984375 0.40078125 0.12109375 0.0640625