0 0.54453125 0.33828125 0.209375 0.30078125
8 0.43125 0.303125 0.0921875 0.109375
10 0.33046875 0.30625 0.10859375 0.1296875
14 0.2046875 0.30390625 0.134375 0.134375
5 0.10078125 0.34140625 0.14140625 0.10703125
4 0.10703125 0.47109375 0.13515625 0.1109375
9 0.22578125 0.4453125 0.125 0.109375
7 0.33671875 0.4359375 0.0984375 0.1
1 0.34375 0.575 0.103125 0.07578125
15 0.45078125 0.56875 0.0984375 0.07265625
12 0.79921875 0.46171875 0.17265625 0.18828125
6 0.57421875 0.40625 0.3765625 0.46640625