0 0.871875 0.4296875 0.21015625 0.11796875
1 0.625 0.77734375 0.10546875 0.09765625
2 0.3640625 0.61171875 0.1640625 0.1375
3 0.4703125 0.2203125 0.14375 0.10546875
4 0.89375 0.759375 0.12734375 0.1
5 0.9328125 0.5765625 0.134375 0.0875
6 0.35625 0.22734375 0.4078125 0.23671875
7 0.52109375 0.603125 0.1125 0.0859375
8 0.71171875 0.5125 0.1375 0.1015625
9 0.76171875 0.828125 0.11953125 0.1046875
10 0.65859375 0.18984375 0.13046875 0.11640625
11 0.4890625 0.89375 0.109375 0.13359375
12 0.5625 0.45859375 0.1640625 0.18359375
13 0.803125 0.31875 0.15234375 0.14609375
14 0.77890625 0.65 0.1578125 0.10859375
15 0.62265625 0.634375 0.084375 0.0859375