0 0.909375 0.67421875 0.18125 0.14296875
1 0.76640625 0.6125 0.1109375 0.06875
2 0.72578125 0.48984375 0.16171875 0.12890625
3 0.703125 0.7015625 0.11875 0.0984375
4 0.87265625 0.453125 0.11953125 0.08046875
5 0.63359375 0.3609375 0.128125 0.09609375
6 0.34609375 0.19609375 0.34921875 0.3046875
7 0.5765625 0.71171875 0.1171875 0.0890625
8 0.64140625 0.59375 0.10625 0.078125
9 0.9125 0.553125 0.12265625 0.0765625
10 0.8875 0.34609375 0.15234375 0.09921875
11 0.490625 0.27109375 0.16015625 0.08984375
12 0.76796875 0.2359375 0.2 0.15546875
13 0.453125 0.625 0.20078125 0.10703125
14 0.42265625 0.5296875 0.1109375 0.0796875
15 0.6015625 0.46796875 0.1 0.065625