12 0.3734375 0.17578125 0.1890625 0.20390625
8 0.59375 0.221875 0.128125 0.11484375
7 0.71796875 0.2859375 0.121875 0.09296875
15 0.56171875 0.31953125 0.10703125 0.08203125
13 0.575 0.41171875 0.21484375 0.09921875
14 0.44140625 0.59453125 0.1390625 0.0953125
2 0.64609375 0.82890625 0.1921875 0.1625
0 0.825 0.7375 0.2046875 0.1546875
1 0.73515625 0.6640625 0.08046875 0.08359375
3 0.6796875 0.61875 0.109375 0.084375
10 0.88984375 0.56484375 0.14921875 0.12109375
9 0.86328125 0.4421875 0.12890625 0.09375
11 0.73828125 0.49765625 0.128125 0.1140625
6 0.52421875 0.90078125 0.34375 0.19765625
4 0.5671875 0.603125 0.10234375 0.09296875
5 0.51484375 0.6890625 0.125 0.0953125