6 0.77890625 0.89609375 0.38359375 0.20234375
12 0.35625 0.16171875 0.25234375 0.18828125
0 0.8640625 0.54453125 0.17265625 0.14453125
1 0.67265625 0.76328125 0.11328125 0.07421875
3 0.71953125 0.225 0.13828125 0.1
2 0.5546875 0.63359375 0.134375 0.134375
13 0.6296875 0.4421875 0.1890625 0.11015625
14 0.51640625 0.5 0.12109375 0.0765625
15 0.69140625 0.66796875 0.09296875 0.090625
9 0.78671875 0.74140625 0.11640625 0.0875
10 0.778125 0.415625 0.1265625 0.090625
11 0.5375 0.75703125 0.0984375 0.12109375
8 0.77734375 0.32578125 0.14453125 0.08828125
7 0.70234375 0.54609375 0.1171875 0.08046875
5 0.915625 0.37265625 0.1296875 0.090625
4 0.88515625 0.671875 0.13828125 0.08203125