9 0.50078125 0.72265625 0.1296875 0.0921875
11 0.28984375 0.7125 0.096875 0.125
10 0.2296875 0.8625 0.15390625 0.10703125
7 0.2171875 0.2078125 0.15390625 0.0984375
8 0.2109375 0.36640625 0.17890625 0.1
13 0.46640625 0.3390625 0.1375 0.1546875
14 0.4515625 0.5515625 0.1421875 0.0859375
15 0.2640625 0.5734375 0.1421875 0.05546875
4 0.7078125 0.74765625 0.1453125 0.09375
5 0.6421875 0.86875 0.1453125 0.10234375
1 0.784375 0.4171875 0.1 0.0765625
3 0.74296875 0.28359375 0.14921875 0.11015625
2 0.75859375 0.1171875 0.27109375 0.084375
0 0.46953125 0.11484375 0.15390625 0.16875
12 0.7421875 0.5796875 0.27265625 0.14375
6 0.83671875 0.8859375 0.3265625 0.228125