0 0.88359375 0.56875 0.20703125 0.11484375
1 0.625 0.77421875 0.09609375 0.0875
2 0.55859375 0.29375 0.19140625 0.10703125
3 0.73203125 0.5328125 0.1203125 0.1
4 0.55234375 0.47109375 0.10625 0.0828125
5 0.628125 0.64140625 0.1328125 0.103125
6 0.4171875 0.23125 0.28359375 0.26484375
7 0.50859375 0.7296875 0.10703125 0.08359375
8 0.75546875 0.69609375 0.1328125 0.1
9 0.771875 0.825 0.1265625 0.103125
10 0.83984375 0.32109375 0.171875 0.109375
11 0.8921875 0.46640625 0.17265625 0.08671875
12 0.55234375 0.8671875 0.24453125 0.15
13 0.43046875 0.5984375 0.20078125 0.11796875
14 0.9015625 0.72265625 0.1484375 0.1046875
15 0.68359375 0.39765625 0.12109375 0.07109375