9 0.49765625 0.7234375 0.134375 0.090625
11 0.28828125 0.7125 0.096875 0.1171875
10 0.22734375 0.86015625 0.16015625 0.1078125
7 0.21796875 0.20703125 0.14765625 0.09453125
8 0.21171875 0.3640625 0.1703125 0.09921875
13 0.4671875 0.3375 0.13828125 0.153125
14 0.45390625 0.55078125 0.146875 0.0859375
15 0.26171875 0.57265625 0.1390625 0.05390625
4 0.72578125 0.7546875 0.14609375 0.09453125
5 0.64609375 0.86796875 0.1421875 0.10234375
1 0.784375 0.41328125 0.09609375 0.07421875
3 0.79375 0.28671875 0.153125 0.09453125
2 0.76796875 0.10703125 0.11171875 0.16875
0 0.4703125 0.11484375 0.14921875 0.17109375
12 0.74609375 0.58359375 0.26953125 0.15
6 0.95546875 0.4515625 0.0890625 0.19296875