0 0.87265625 0.428125 0.21171875 0.11015625
1 0.6296875 0.78046875 0.1171875 0.08828125
2 0.36640625 0.61484375 0.1671875 0.13984375
3 0.73125 0.5328125 0.121875 0.10234375
4 0.51484375 0.86953125 0.1078125 0.1109375
5 0.928125 0.5796875 0.1375 0.103125
6 0.38359375 0.21328125 0.40625 0.24609375
7 0.51328125 0.60078125 0.1140625 0.0890625
8 0.75546875 0.703125 0.1453125 0.121875
9 0.7625 0.8234375 0.128125 0.10625
10 0.65859375 0.1875 0.134375 0.11640625
11 0.52890625 0.2453125 0.18203125 0.08203125
12 0.5671875 0.4640625 0.15234375 0.178125
13 0.80546875 0.31640625 0.15859375 0.13828125
14 0.89140625 0.725 0.1359375 0.096875
15 0.62890625 0.63359375 0.09140625 0.09453125