12 0.38671875 0.17578125 0.175 0.196875
13 0.58203125 0.42109375 0.20859375 0.10703125
14 0.45234375 0.5953125 0.13671875 0.0890625
15 0.5609375 0.31640625 0.09765625 0.08203125
8 0.59921875 0.21875 0.11171875 0.103125
7 0.71796875 0.28359375 0.11484375 0.08671875
11 0.60546875 0.6578125 0.125 0.125
9 0.69453125 0.5390625 0.125 0.09765625
10 0.87578125 0.5578125 0.12734375 0.09765625
4 0.76796875 0.40390625 0.1140625 0.0875
5 0.88515625 0.4234375 0.1140625 0.08359375
0 0.83046875 0.73203125 0.19765625 0.14296875
2 0.709375 0.8375 0.2046875 0.08359375
3 0.96875 0.49296875 0.0625 0.0765625
1 0.96796875 0.65 0.0640625 0.075
6 0.56875 0.77734375 0.26484375 0.24765625