8 0.5671875 0.1578125 0.1421875 0.1140625
7 0.7015625 0.53984375 0.125 0.07578125
0 0.8703125 0.546875 0.1671875 0.14609375
1 0.6625 0.765625 0.10703125 0.0875
3 0.7234375 0.1703125 0.1234375 0.10859375
2 0.5546875 0.63359375 0.13671875 0.1265625
13 0.628125 0.43984375 0.18203125 0.11328125
14 0.5109375 0.49765625 0.13203125 0.0765625
15 0.69375 0.67265625 0.09375 0.0859375
10 0.78359375 0.41484375 0.1296875 0.0859375
9 0.79140625 0.73828125 0.1234375 0.09375
11 0.54140625 0.75546875 0.09453125 0.11875
5 0.9203125 0.37265625 0.1203125 0.103125
4 0.88203125 0.66796875 0.13359375 0.08984375
12 0.72734375 0.3015625 0.2390625 0.1359375
6 0.465625 0.1765625 0.309375 0.22734375