9 0.4703125 0.8625 0.1390625 0.10546875
11 0.28828125 0.7125 0.10390625 0.12578125
10 0.23125 0.8609375 0.15 0.10546875
7 0.21875 0.20859375 0.14609375 0.0984375
8 0.2140625 0.365625 0.175 0.1046875
13 0.46484375 0.33671875 0.134375 0.14921875
14 0.453125 0.5515625 0.1390625 0.08515625
15 0.26015625 0.57421875 0.15234375 0.05859375
4 0.725 0.59296875 0.14765625 0.08359375
5 0.70546875 0.91640625 0.175 0.10859375
1 0.81484375 0.40625 0.1328125 0.078125
3 0.7953125 0.28359375 0.15234375 0.0921875
2 0.765625 0.109375 0.1109375 0.171875
0 0.46640625 0.1140625 0.15546875 0.1703125
12 0.71875 0.4734375 0.25390625 0.1421875
6 0.69609375 0.76953125 0.6078125 0.2015625