9 0.47578125 0.84609375 0.12890625 0.09765625
11 0.22890625 0.690625 0.10078125 0.11640625
10 0.228125 0.8625 0.146875 0.1015625
7 0.21953125 0.2078125 0.14296875 0.096875
8 0.21015625 0.36484375 0.16953125 0.096875
13 0.4796875 0.478125 0.17109375 0.1546875
14 0.43515625 0.653125 0.17265625 0.1046875
15 0.20390625 0.50625 0.11953125 0.07109375
4 0.7 0.7375 0.1359375 0.090625
5 0.7046875 0.91015625 0.18046875 0.12421875
1 0.7421875 0.4046875 0.140625 0.046875
3 0.76953125 0.2359375 0.16796875 0.08671875
2 0.52734375 0.10859375 0.25625 0.08984375
0 0.4984375 0.28359375 0.2609375 0.11640625
12 0.759375 0.56953125 0.2484375 0.18359375
6 0.8765625 0.28984375 0.246875 0.2734375