9 0.76484375 0.56953125 0.1109375 0.06796875
10 0.28828125 0.55625 0.12421875 0.08984375
11 0.6609375 0.5359375 0.128125 0.09453125
7 0.7703125 0.7375 0.121875 0.0890625
8 0.40546875 0.2234375 0.15625 0.1046875
13 0.584375 0.75234375 0.14375 0.18984375
14 0.75546875 0.45078125 0.1421875 0.09375
15 0.47578125 0.35703125 0.1046875 0.0765625
4 0.56484375 0.5921875 0.1078125 0.0765625
5 0.5984375 0.25234375 0.11484375 0.10078125
3 0.6046875 0.4203125 0.1109375 0.1046875
0 0.428125 0.47578125 0.1953125 0.1140625
1 0.71328125 0.640625 0.1 0.07109375
2 0.4578125 0.6671875 0.11796875 0.14921875
12 0.75 0.2265625 0.16640625 0.18828125
6 0.5390625 0.865625 0.28203125 0.2625