9 0.49921875 0.725 0.13125 0.09375
11 0.28828125 0.71484375 0.10703125 0.1234375
10 0.23046875 0.86328125 0.15625 0.10703125
7 0.21953125 0.20859375 0.146875 0.09921875
8 0.2125 0.3671875 0.171875 0.09921875
13 0.47109375 0.33671875 0.15 0.15078125
14 0.50546875 0.6 0.13203125 0.07734375
15 0.26328125 0.5734375 0.14140625 0.05546875
4 0.7484375 0.90390625 0.1421875 0.10078125
5 0.496875 0.90390625 0.13359375 0.10703125
1 0.78515625 0.41796875 0.0953125 0.08203125
3 0.74453125 0.284375 0.1484375 0.1078125
2 0.7609375 0.11796875 0.265625 0.0890625
0 0.47109375 0.11640625 0.146875 0.1703125
12 0.74296875 0.7421875 0.2640625 0.15546875
6 0.69296875 0.575 0.6140625 0.17734375