9 0.4765625 0.8453125 0.13046875 0.096875
11 0.23125 0.690625 0.10546875 0.115625
10 0.22734375 0.86171875 0.1484375 0.10703125
7 0.21875 0.20703125 0.1390625 0.09453125
8 0.20859375 0.365625 0.17421875 0.0984375
13 0.484375 0.47890625 0.1671875 0.1484375
14 0.43984375 0.65390625 0.17421875 0.1109375
15 0.2046875 0.5078125 0.1140625 0.071875
4 0.7 0.73828125 0.1390625 0.09140625
5 0.7046875 0.91015625 0.184375 0.12890625
1 0.7890625 0.43828125 0.10546875 0.06640625
3 0.79296875 0.28515625 0.15234375 0.08515625
2 0.7703125 0.10625 0.10703125 0.1671875
0 0.51171875 0.2734375 0.14921875 0.16328125
12 0.76171875 0.5734375 0.2453125 0.16953125
6 0.8890625 0.48515625 0.221875 0.27265625