0 0.68984375 0.20625 0.2140625 0.15
1 0.6671875 0.76640625 0.11171875 0.084375
2 0.5578125 0.63203125 0.1375 0.13203125
3 0.85234375 0.59609375 0.16015625 0.090625
4 0.87890625 0.66953125 0.12421875 0.0796875
5 0.90390625 0.3890625 0.14609375 0.08984375
6 0.58359375 0.115625 0.2421875 0.23125
7 0.7 0.5390625 0.1140625 0.071875
8 0.75 0.40546875 0.14375 0.10390625
9 0.7875 0.7390625 0.10859375 0.08203125
10 0.88125 0.48671875 0.121875 0.0734375
11 0.53984375 0.75390625 0.09453125 0.11484375
12 0.52421875 0.3609375 0.22109375 0.14140625
13 0.3984375 0.24609375 0.2078125 0.125
14 0.51953125 0.503125 0.134375 0.09609375
15 0.68984375 0.6625 0.07890625 0.07265625