0 0.86484375 0.546875 0.175 0.14296875
1 0.6625 0.7625 0.109375 0.084375
2 0.546875 0.6328125 0.153125 0.13125
3 0.7203125 0.16640625 0.13046875 0.090625
4 0.89453125 0.6703125 0.14609375 0.08984375
5 0.921875 0.36875 0.14765625 0.1015625
8 0.5328125 0.14375 0.14140625 0.12421875
7 0.70703125 0.53984375 0.1109375 0.07421875
13 0.53359375 0.31875 0.209375 0.18984375
14 0.5140625 0.50234375 0.13671875 0.08828125
15 0.6921875 0.67109375 0.075 0.08984375
10 0.77578125 0.41484375 0.125 0.0875
9 0.78359375 0.73671875 0.109375 0.08359375
11 0.54140625 0.7546875 0.09375 0.1171875
12 0.72734375 0.29921875 0.22109375 0.13359375
6 0.415625 0.2234375 0.3453125 0.2953125