0 0.75390625 0.275 0.1828125 0.11328125
13 0.5828125 0.2734375 0.16953125 0.1203125
8 0.43203125 0.2515625 0.10859375 0.1125
10 0.31484375 0.2375 0.11015625 0.1078125
14 0.19609375 0.24296875 0.13203125 0.1375
5 0.084375 0.265625 0.14296875 0.12734375
4 0.06953125 0.38203125 0.1046875 0.08515625
1 0.3546875 0.3515625 0.221875 0.1203125
15 0.41796875 0.5296875 0.1203125 0.09296875
11 0.51015625 0.4859375 0.08828125 0.1546875
2 0.61875 0.4578125 0.0984375 0.20546875
12 0.78125 0.44140625 0.2625 0.19765625
6 0.2296875 0.4359375 0.4015625 0.43984375