0 0.740625 0.3203125 0.18359375 0.115625
8 0.43359375 0.31796875 0.10234375 0.1203125
10 0.315625 0.321875 0.1265625 0.11953125
14 0.19765625 0.325 0.10703125 0.12109375
5 0.496875 0.3859375 0.18671875 0.18359375
4 0.07734375 0.4875 0.1234375 0.1109375
9 0.1859375 0.46875 0.125 0.115625
7 0.29921875 0.46171875 0.1078125 0.1015625
1 0.3171875 0.5984375 0.10625 0.07421875
15 0.425 0.59453125 0.10625 0.07265625
12 0.78828125 0.50234375 0.16328125 0.19609375
6 0.628125 0.52265625 0.32421875 0.45234375