0 0.8859375 0.56953125 0.19921875 0.13515625
1 0.628125 0.78046875 0.1 0.090625
2 0.90546875 0.39296875 0.1890625 0.0640625
3 0.5703125 0.29375 0.12890625 0.1078125
4 0.553125 0.4734375 0.11484375 0.08515625
5 0.628125 0.640625 0.13359375 0.11171875
6 0.46015625 0.25 0.3484375 0.2984375
7 0.50859375 0.72890625 0.1078125 0.08515625
8 0.75703125 0.7 0.13984375 0.1109375
9 0.76484375 0.82578125 0.12421875 0.1015625
10 0.83359375 0.31328125 0.17421875 0.10546875
11 0.7171875 0.515625 0.16015625 0.0828125
12 0.55 0.86875 0.2515625 0.13984375
13 0.434375 0.596875 0.20546875 0.09296875
14 0.8953125 0.7234375 0.1546875 0.10234375
15 0.69140625 0.403125 0.128125 0.06171875