0 0.8265625 0.3390625 0.21796875 0.1109375
1 0.62265625 0.7796875 0.1265625 0.09453125
2 0.36015625 0.6109375 0.1890625 0.1421875
3 0.84921875 0.57890625 0.15 0.08046875
4 0.89375 0.759375 0.14765625 0.09375
5 0.8953125 0.47265625 0.1546875 0.096875
6 0.240625 0.234375 0.3359375 0.2078125
7 0.52109375 0.6046875 0.1125 0.0875
8 0.71875 0.5125 0.1265625 0.1015625
9 0.76484375 0.82734375 0.11015625 0.096875
10 0.66171875 0.18515625 0.13515625 0.11015625
11 0.4984375 0.8984375 0.11171875 0.13984375
12 0.56171875 0.45859375 0.15234375 0.17109375
13 0.4125 0.2234375 0.18984375 0.10625
14 0.778125 0.64765625 0.13046875 0.0953125
15 0.625 0.6375 0.09296875 0.08984375