0 0.8859375 0.571875 0.2015625 0.12265625
1 0.6328125 0.7796875 0.11015625 0.08046875
2 0.36171875 0.609375 0.1625 0.13125
3 0.728125 0.5296875 0.1203125 0.09921875
4 0.4734375 0.26484375 0.12734375 0.090625
5 0.6265625 0.64296875 0.13203125 0.1109375
6 0.365625 0.2015625 0.29453125 0.2890625
7 0.51015625 0.7265625 0.1046875 0.08671875
8 0.7578125 0.703125 0.1375 0.11875
9 0.76484375 0.821875 0.12265625 0.1
10 0.659375 0.19375 0.12578125 0.12578125
11 0.896875 0.46640625 0.16640625 0.084375
12 0.54609375 0.87421875 0.25078125 0.1515625
13 0.803125 0.32265625 0.159375 0.15078125
14 0.8921875 0.72578125 0.13671875 0.0984375
15 0.65078125 0.365625 0.07734375 0.0921875