12 0.365625 0.15546875 0.20546875 0.16640625
8 0.565625 0.10234375 0.12578125 0.115625
7 0.6765625 0.6640625 0.115625 0.08828125
13 0.61640625 0.3765625 0.20234375 0.1421875
15 0.5484375 0.25390625 0.0828125 0.0921875
14 0.5125 0.5046875 0.11640625 0.096875
5 0.92109375 0.37265625 0.121875 0.09453125
4 0.721875 0.7625 0.1171875 0.0875
0 0.87109375 0.778125 0.15234375 0.17265625
1 0.403125 0.71015625 0.09375 0.11015625
2 0.853125 0.29765625 0.15546875 0.12421875
3 0.92734375 0.528125 0.13828125 0.11640625
10 0.7734375 0.59609375 0.12890625 0.0953125
11 0.58125 0.64453125 0.10078125 0.1203125
9 0.56796875 0.8015625 0.1140625 0.0890625
6 0.5171875 0.87578125 0.28359375 0.2484375