9 0.47890625 0.84921875 0.128125 0.09765625
11 0.2890625 0.7078125 0.18828125 0.06875
10 0.2296875 0.8625 0.15390625 0.10546875
7 0.21875 0.20859375 0.14609375 0.0953125
8 0.21015625 0.36640625 0.17421875 0.0984375
13 0.4671875 0.33671875 0.1390625 0.15390625
14 0.4203125 0.54453125 0.1671875 0.09921875
15 0.2046875 0.50703125 0.11796875 0.075
4 0.7234375 0.64609375 0.13828125 0.08359375
5 0.70625 0.90859375 0.1828125 0.12734375
1 0.815625 0.40546875 0.125 0.07265625
3 0.79453125 0.28515625 0.1484375 0.08984375
2 0.76640625 0.10859375 0.11953125 0.16796875
0 0.465625 0.1140625 0.14375 0.17421875
12 0.7203125 0.471875 0.25390625 0.13984375
6 0.53359375 0.721875 0.43203125 0.22265625