9 0.478125 0.84765625 0.1234375 0.09921875
11 0.22890625 0.68984375 0.10625 0.11640625
10 0.23125 0.86015625 0.14296875 0.10390625
7 0.21796875 0.20703125 0.1484375 0.09296875
8 0.209375 0.3625 0.17265625 0.09375
13 0.46640625 0.42578125 0.25234375 0.084375
14 0.4359375 0.65234375 0.1703125 0.1078125
15 0.20078125 0.50625 0.1171875 0.06796875
4 0.70625 0.79609375 0.13515625 0.08828125
5 0.703125 0.90859375 0.184375 0.1234375
1 0.78046875 0.3734375 0.13046875 0.0671875
3 0.784375 0.1953125 0.16953125 0.09609375
2 0.525 0.11015625 0.25546875 0.09140625
0 0.49296875 0.28046875 0.26796875 0.1078125
12 0.79375 0.46796875 0.23046875 0.14296875
6 0.63828125 0.55703125 0.3359375 0.3421875