0 0.8875 0.571875 0.1984375 0.13828125
1 0.63046875 0.7796875 0.10078125 0.08046875
2 0.9 0.3984375 0.19765625 0.0671875
3 0.5953125 0.278125 0.1328125 0.08359375
4 0.5546875 0.47265625 0.10078125 0.078125
5 0.6265625 0.64609375 0.1296875 0.10859375
6 0.47734375 0.23203125 0.28203125 0.2484375
7 0.51015625 0.7265625 0.0984375 0.0921875
8 0.75703125 0.7015625 0.1390625 0.11328125
9 0.7671875 0.82421875 0.11875 0.0984375
10 0.83828125 0.31484375 0.1625 0.09765625
11 0.71640625 0.51328125 0.14140625 0.09453125
12 0.55234375 0.8640625 0.23515625 0.13671875
13 0.4359375 0.5953125 0.20625 0.11171875
14 0.88828125 0.7265625 0.13203125 0.1046875
15 0.6921875 0.4 0.1328125 0.0609375