0 0.87109375 0.4296875 0.2125 0.11015625
1 0.62890625 0.78203125 0.1078125 0.090625
2 0.36953125 0.6125 0.1609375 0.11640625
3 0.85078125 0.57421875 0.14375 0.084375
4 0.89375 0.7609375 0.13359375 0.09453125
5 0.4921875 0.22109375 0.153125 0.13125
6 0.35546875 0.18984375 0.3609375 0.23984375
7 0.51796875 0.6 0.1046875 0.0796875
8 0.71640625 0.509375 0.12421875 0.09296875
9 0.76015625 0.825 0.12578125 0.10625
10 0.6546875 0.18984375 0.13203125 0.11171875
11 0.4953125 0.89296875 0.1171875 0.13828125
12 0.565625 0.46015625 0.15859375 0.17265625
13 0.80546875 0.31875 0.1453125 0.14375
14 0.76875 0.6484375 0.15625 0.09453125
15 0.628125 0.6390625 0.08671875 0.0953125