0 0.71953125 0.303125 0.18828125 0.10078125
13 0.54921875 0.31953125 0.18125 0.12421875
8 0.415625 0.3078125 0.09375 0.125
10 0.30078125 0.30859375 0.10859375 0.1234375
14 0.19609375 0.3265625 0.121875 0.11484375
5 0.08828125 0.34921875 0.15234375 0.12734375
4 0.09609375 0.46875 0.121875 0.0953125
9 0.19296875 0.45703125 0.08359375 0.1078125
11 0.5171875 0.52265625 0.09296875 0.16484375
2 0.60390625 0.49296875 0.09140625 0.18359375
12 0.7515625 0.471875 0.228125 0.18828125
6 0.3390625 0.4921875 0.33203125 0.3546875