0 0.50234375 0.3234375 0.29453125 0.25703125
6 0.690625 0.3859375 0.32890625 0.40546875
5 0.0796875 0.340625 0.13125 0.115625
4 0.08984375 0.47109375 0.11484375 0.10703125
14 0.20859375 0.309375 0.11953125 0.12265625
10 0.325 0.30859375 0.103125 0.1203125
9 0.20390625 0.459375 0.1203125 0.1078125
7 0.3234375 0.45625 0.0953125 0.12890625
3 0.44140625 0.44140625 0.1125 0.11328125
1 0.33359375 0.58984375 0.115625 0.07265625
15 0.44296875 0.5859375 0.11640625 0.0734375
11 0.53125 0.53671875 0.08828125 0.14609375