9 0.4984375 0.72265625 0.1359375 0.0921875
11 0.28828125 0.7140625 0.1015625 0.12421875
10 0.228125 0.8609375 0.15078125 0.1046875
7 0.2203125 0.20703125 0.15 0.096875
8 0.2125 0.36484375 0.17109375 0.09921875
13 0.46875 0.33671875 0.1421875 0.15546875
14 0.45546875 0.553125 0.140625 0.08671875
15 0.265625 0.57265625 0.1453125 0.05234375
4 0.74375 0.90234375 0.14453125 0.10546875
5 0.49765625 0.903125 0.1375 0.10859375
1 0.78359375 0.4171875 0.0953125 0.08125
3 0.74375 0.284375 0.14375 0.10546875
2 0.76328125 0.1171875 0.2625 0.08359375
0 0.4671875 0.11640625 0.14609375 0.16796875
12 0.71640625 0.7234375 0.26171875 0.14921875
6 0.9078125 0.77578125 0.184375 0.284375