9 0.47890625 0.8484375 0.125 0.103125
11 0.2296875 0.68828125 0.1078125 0.11171875
10 0.228125 0.8640625 0.14609375 0.10546875
7 0.21640625 0.20703125 0.14453125 0.09765625
8 0.209375 0.365625 0.16875 0.1
13 0.4828125 0.4765625 0.16640625 0.15078125
14 0.43359375 0.6546875 0.17890625 0.11171875
15 0.2015625 0.50703125 0.12890625 0.0734375
4 0.70078125 0.7375 0.134375 0.09375
5 0.7046875 0.90625 0.18359375 0.13125
1 0.75234375 0.384375 0.1515625 0.05546875
3 0.790625 0.19765625 0.15703125 0.0953125
2 0.52578125 0.10859375 0.253125 0.09140625
0 0.49609375 0.28046875 0.2671875 0.1140625
12 0.75859375 0.56640625 0.2390625 0.17578125
6 0.8734375 0.4390625 0.253125 0.28671875