0 0.80078125 0.24296875 0.1890625 0.11015625
13 0.60390625 0.24453125 0.1796875 0.140625
8 0.45078125 0.234375 0.11875 0.14296875
10 0.3234375 0.21484375 0.11796875 0.1375
14 0.19921875 0.2234375 0.1296875 0.13515625
5 0.06953125 0.23046875 0.1390625 0.1453125
4 0.06875 0.36953125 0.134375 0.128125
9 0.1890625 0.3671875 0.1375 0.1390625
7 0.31640625 0.3609375 0.1265625 0.1265625
3 0.45390625 0.346875 0.1265625 0.1296875
1 0.29140625 0.50703125 0.1390625 0.096875
15 0.43125 0.4765625 0.121875 0.08984375
6 0.73125 0.44453125 0.3484375 0.41953125