13 0.5765625 0.3078125 0.1609375 0.11875
8 0.43359375 0.30546875 0.1125 0.1234375
10 0.33046875 0.31328125 0.1046875 0.1296875
14 0.20625 0.3078125 0.12421875 0.11875
5 0.09921875 0.340625 0.15546875 0.11953125
4 0.10234375 0.465625 0.13359375 0.10859375
9 0.21640625 0.44609375 0.1078125 0.1046875
7 0.334375 0.43828125 0.096875 0.0984375
3 0.434375 0.41953125 0.121875 0.1109375
1 0.340625 0.56875 0.103125 0.06640625
15 0.44375 0.56328125 0.096875 0.06796875
11 0.54609375 0.5140625 0.08046875 0.1421875
2 0.63359375 0.4796875 0.096875 0.18828125
6 0.7078125 0.2828125 0.29765625 0.28515625