9 0.47734375 0.8453125 0.13125 0.0984375
11 0.22890625 0.690625 0.1 0.11953125
10 0.22890625 0.86171875 0.1515625 0.10234375
7 0.21953125 0.20703125 0.13671875 0.09375
8 0.209375 0.36484375 0.17578125 0.09921875
13 0.46328125 0.3375 0.13828125 0.153125
14 0.434375 0.65390625 0.178125 0.1109375
15 0.19921875 0.50546875 0.12109375 0.06796875
4 0.69921875 0.7375 0.13515625 0.08828125
5 0.7078125 0.909375 0.18359375 0.13125
1 0.81328125 0.40078125 0.1296875 0.05546875
3 0.7921875 0.2859375 0.15390625 0.0859375
2 0.7671875 0.10859375 0.1109375 0.16328125
0 0.465625 0.115625 0.14375 0.1671875
12 0.73828125 0.59609375 0.2578125 0.146875
6 0.8078125 0.53359375 0.384375 0.2390625