9 0.4984375 0.72265625 0.1328125 0.09140625
11 0.2875 0.7125 0.1 0.11875
10 0.22890625 0.86171875 0.159375 0.1046875
7 0.21953125 0.2078125 0.14765625 0.09765625
8 0.21015625 0.36484375 0.18125 0.10234375
13 0.46640625 0.3375 0.13359375 0.1515625
14 0.45390625 0.55234375 0.13671875 0.0828125
15 0.265625 0.5734375 0.14140625 0.05625
4 0.709375 0.74921875 0.140625 0.09453125
5 0.496875 0.89765625 0.1359375 0.11484375
1 0.78671875 0.41875 0.096875 0.08203125
3 0.74296875 0.2828125 0.14921875 0.109375
2 0.76328125 0.11953125 0.2625 0.0875
0 0.46875 0.11640625 0.153125 0.16875
12 0.7453125 0.58125 0.27890625 0.146875
6 0.73203125 0.903125 0.4359375 0.19375