9 0.5 0.72421875 0.128125 0.0921875
11 0.2890625 0.71484375 0.10546875 0.12109375
10 0.2296875 0.86171875 0.15390625 0.10390625
7 0.2203125 0.2078125 0.14921875 0.096875
8 0.21171875 0.36328125 0.17734375 0.09765625
13 0.48984375 0.43046875 0.2546875 0.09140625
14 0.48203125 0.5984375 0.13359375 0.0859375
15 0.26640625 0.5734375 0.14765625 0.05625
4 0.746875 0.90546875 0.146875 0.10859375
5 0.496875 0.90234375 0.13984375 0.10859375
1 0.78359375 0.42734375 0.11171875 0.06015625
3 0.7453125 0.28359375 0.15078125 0.10390625
2 0.76171875 0.11875 0.26328125 0.08515625
0 0.46875 0.11484375 0.1453125 0.16953125
12 0.74609375 0.74296875 0.259375 0.15
6 0.7265625 0.52109375 0.3875 0.284375