0 0.8015625 0.246875 0.21796875 0.1359375
13 0.60703125 0.25078125 0.203125 0.13984375
8 0.45390625 0.21953125 0.128125 0.1234375
10 0.315625 0.209375 0.134375 0.14453125
14 0.18203125 0.20859375 0.15 0.14296875
5 0.0625 0.21640625 0.11796875 0.1390625
4 0.0625 0.3546875 0.121875 0.1234375
9 0.1765625 0.353125 0.14375 0.1453125
7 0.3015625 0.34296875 0.121875 0.1390625
3 0.44296875 0.340625 0.1234375 0.128125
1 0.27890625 0.50703125 0.15625 0.1
15 0.43359375 0.4796875 0.1203125 0.1015625
11 0.57109375 0.5 0.08359375 0.16328125
2 0.66328125 0.44375 0.0953125 0.2234375
12 0.8796875 0.51171875 0.20078125 0.31328125