0 0.759375 0.259375 0.19453125 0.1109375
13 0.57109375 0.253125 0.16796875 0.1390625
8 0.42265625 0.240625 0.0984375 0.1375
10 0.30390625 0.22734375 0.13046875 0.13828125
14 0.175 0.22734375 0.14140625 0.134375
5 0.0625 0.253125 0.121875 0.14140625
4 0.0578125 0.38046875 0.115625 0.1125
9 0.17265625 0.37734375 0.1421875 0.134375
7 0.29609375 0.36875 0.1234375 0.1265625
3 0.42890625 0.35390625 0.1296875 0.13125
1 0.2734375 0.50625 0.1390625 0.08359375
15 0.41484375 0.4828125 0.1109375 0.08984375
11 0.54453125 0.4796875 0.06796875 0.1203125
6 0.740625 0.52890625 0.46640625 0.43984375