13 0.571875 0.315625 0.1734375 0.12109375
8 0.43515625 0.31640625 0.1203125 0.1375
10 0.3234375 0.3109375 0.12265625 0.12578125
14 0.20625 0.3203125 0.11171875 0.11171875
5 0.10546875 0.34375 0.14140625 0.12421875
4 0.109375 0.46875 0.1078125 0.0984375
9 0.2171875 0.459375 0.128125 0.11875
7 0.32578125 0.45 0.1046875 0.109375
3 0.41953125 0.45390625 0.1078125 0.1140625
1 0.328125 0.58203125 0.1125 0.06796875
15 0.4375 0.57421875 0.103125 0.06796875
11 0.5328125 0.528125 0.096875 0.1515625
2 0.63046875 0.4859375 0.08515625 0.17578125
6 0.80703125 0.40078125 0.33359375 0.4