9 0.47734375 0.84765625 0.128125 0.1015625
11 0.29609375 0.7109375 0.19609375 0.071875
10 0.23046875 0.86171875 0.15625 0.10703125
7 0.21875 0.2078125 0.1453125 0.09375
8 0.21171875 0.365625 0.1796875 0.09921875
13 0.465625 0.33828125 0.13984375 0.153125
14 0.4234375 0.5078125 0.1515625 0.08984375
15 0.20234375 0.50625 0.1203125 0.07265625
4 0.73359375 0.634375 0.1375 0.08125
5 0.7046875 0.90703125 0.18046875 0.1265625
1 0.81640625 0.40546875 0.12890625 0.075
3 0.79375 0.2859375 0.14765625 0.0875
2 0.76953125 0.1078125 0.1046875 0.16796875
0 0.46796875 0.11328125 0.14375 0.17265625
12 0.7203125 0.47265625 0.25703125 0.140625
6 0.528125 0.6671875 0.465625 0.28515625