9 0.5015625 0.7234375 0.13125 0.0953125
11 0.2875 0.71328125 0.096875 0.12109375
10 0.22890625 0.8625 0.15234375 0.10234375
7 0.221875 0.20859375 0.15546875 0.09921875
8 0.2140625 0.36640625 0.18046875 0.09765625
13 0.4671875 0.3359375 0.1359375 0.1578125
14 0.45390625 0.5515625 0.146875 0.0859375
15 0.2640625 0.57421875 0.14296875 0.05625
4 0.74921875 0.903125 0.15078125 0.109375
5 0.49609375 0.90078125 0.13828125 0.10859375
1 0.78359375 0.4171875 0.1015625 0.07734375
3 0.7421875 0.2828125 0.146875 0.10703125
2 0.76328125 0.11953125 0.2703125 0.084375
0 0.46875 0.11328125 0.1484375 0.17265625
12 0.7953125 0.7234375 0.1984375 0.19609375
6 0.8203125 0.6734375 0.359375 0.24609375