0 0.88515625 0.57421875 0.20625 0.1234375
1 0.6296875 0.78046875 0.09296875 0.08359375
2 0.3703125 0.61015625 0.18125 0.13828125
3 0.7296875 0.53046875 0.11875 0.109375
4 0.5171875 0.86328125 0.109375 0.10078125
5 0.628125 0.64375 0.12578125 0.11328125
6 0.33359375 0.203125 0.321875 0.2828125
7 0.51171875 0.7296875 0.1046875 0.0890625
8 0.75703125 0.69765625 0.13671875 0.1125
9 0.76484375 0.82578125 0.12421875 0.09765625
10 0.6625 0.18671875 0.13046875 0.1203125
11 0.89609375 0.46796875 0.15859375 0.07890625
12 0.465625 0.2546875 0.24609375 0.1203125
13 0.80390625 0.31640625 0.17421875 0.16015625
14 0.89140625 0.72421875 0.13515625 0.09921875
15 0.6546875 0.36875 0.07890625 0.09296875