9 0.47890625 0.846875 0.128125 0.09921875
11 0.23046875 0.69140625 0.09609375 0.115625
10 0.22890625 0.86171875 0.1453125 0.10625
7 0.21953125 0.209375 0.14375 0.09765625
8 0.21015625 0.365625 0.1734375 0.09609375
13 0.48203125 0.4765625 0.16875 0.15078125
14 0.43515625 0.6546875 0.17890625 0.10859375
15 0.20234375 0.50703125 0.11640625 0.0703125
4 0.7015625 0.7390625 0.13984375 0.090625
5 0.7015625 0.9109375 0.19140625 0.1265625
1 0.7859375 0.378125 0.1 0.07890625
3 0.765625 0.2328125 0.15625 0.0890625
2 0.63671875 0.10078125 0.09609375 0.16953125
0 0.5125 0.27421875 0.14609375 0.16328125
12 0.76171875 0.57265625 0.25625 0.1671875
6 0.88671875 0.190625 0.2265625 0.240625