0 0.9078125 0.6734375 0.18203125 0.13671875
1 0.7703125 0.61171875 0.1234375 0.0765625
2 0.734375 0.51484375 0.18828125 0.08046875
3 0.696875 0.7 0.13125 0.0984375
4 0.50703125 0.3953125 0.1125 0.0875
5 0.63828125 0.35859375 0.13828125 0.09453125
6 0.30625 0.16484375 0.27734375 0.2609375
7 0.50859375 0.73125 0.11796875 0.09296875
8 0.6390625 0.59140625 0.10703125 0.08671875
9 0.91484375 0.55 0.13125 0.08046875
10 0.88359375 0.34296875 0.15078125 0.103125
11 0.89296875 0.45 0.1625 0.059375
12 0.76171875 0.2328125 0.215625 0.15703125
13 0.4609375 0.24921875 0.1890625 0.11953125
14 0.52265625 0.50859375 0.109375 0.07265625
15 0.60859375 0.4703125 0.0921875 0.059375