6 0.2625 0.175 0.33828125 0.2203125
3 0.43515625 0.22265625 0.11484375 0.1
0 0.86875 0.5484375 0.1515625 0.1484375
1 0.665625 0.76796875 0.1109375 0.09921875
2 0.55625 0.63125 0.14140625 0.13359375
13 0.634375 0.4375 0.2 0.13203125
14 0.51640625 0.50390625 0.11796875 0.08515625
15 0.68671875 0.66953125 0.08828125 0.08359375
7 0.7 0.53984375 0.11171875 0.0765625
8 0.684375 0.309375 0.1296875 0.09609375
5 0.915625 0.3640625 0.12890625 0.11328125
4 0.8875 0.6671875 0.15 0.0859375
10 0.78125 0.41484375 0.12109375 0.09296875
9 0.7890625 0.7359375 0.12109375 0.0953125
11 0.540625 0.75390625 0.09296875 0.1140625
12 0.5859375 0.140625 0.18828125 0.16171875