0 0.51015625 0.24296875 0.18984375 0.09140625
1 0.765625 0.61171875 0.109375 0.0640625
2 0.7359375 0.51796875 0.18515625 0.078125
3 0.70703125 0.765625 0.1109375 0.10234375
4 0.50078125 0.39609375 0.109375 0.07578125
5 0.63671875 0.35859375 0.12890625 0.1015625
6 0.334375 0.18515625 0.34609375 0.265625
7 0.5109375 0.73125 0.10546875 0.08046875
8 0.5890625 0.6625 0.125 0.09140625
9 0.9109375 0.553125 0.12578125 0.0796875
10 0.88671875 0.3421875 0.1515625 0.09609375
11 0.89609375 0.44921875 0.165625 0.05859375
12 0.75703125 0.2328125 0.19921875 0.1515625
13 0.43203125 0.5984375 0.19453125 0.08828125
14 0.52265625 0.5125 0.1078125 0.0765625
15 0.609375 0.4671875 0.090625 0.06015625