9 0.47734375 0.846875 0.13203125 0.1015625
11 0.23125 0.68828125 0.1015625 0.11171875
10 0.228125 0.8625 0.15078125 0.103125
7 0.21796875 0.20625 0.1484375 0.09296875
8 0.2109375 0.3640625 0.171875 0.09765625
13 0.46953125 0.33828125 0.1328125 0.15703125
14 0.4375 0.6546875 0.17734375 0.11015625
15 0.20234375 0.50625 0.11953125 0.07109375
4 0.70234375 0.7375 0.140625 0.09375
5 0.70625 0.909375 0.1875 0.13125
1 0.81171875 0.40703125 0.1296875 0.06953125
3 0.7921875 0.2859375 0.15703125 0.0890625
2 0.76640625 0.1078125 0.10625 0.16484375
0 0.46796875 0.115625 0.14765625 0.16796875
12 0.71484375 0.50234375 0.25234375 0.14375
6 0.8546875 0.6171875 0.290625 0.29375