0 0.75546875 0.2515625 0.18046875 0.12265625
13 0.58359375 0.24921875 0.1984375 0.13203125
8 0.43515625 0.23203125 0.1203125 0.1296875
10 0.315625 0.234375 0.115625 0.1390625
14 0.2 0.23046875 0.13515625 0.15
5 0.0796875 0.24375 0.13203125 0.121875
4 0.084375 0.37265625 0.11875 0.11875
9 0.19609375 0.36171875 0.1265625 0.096875
7 0.303125 0.3484375 0.103125 0.09296875
3 0.4296875 0.35234375 0.11875 0.125
11 0.5171875 0.4671875 0.07734375 0.16484375
2 0.621875 0.440625 0.0953125 0.21171875
12 0.7859375 0.43125 0.2515625 0.21484375
6 0.28046875 0.52734375 0.41796875 0.38125