8 0.42109375 0.29375 0.10078125 0.11953125
10 0.3125 0.28984375 0.10625 0.11640625
14 0.196875 0.2984375 0.13828125 0.12890625
5 0.08828125 0.34140625 0.13359375 0.1171875
4 0.10234375 0.459375 0.128125 0.09375
9 0.21015625 0.43828125 0.1203125 0.1046875
7 0.31953125 0.428125 0.1078125 0.109375
3 0.4375 0.41796875 0.103125 0.1203125
1 0.340625 0.55859375 0.115625 0.06796875
15 0.4453125 0.55234375 0.10625 0.07421875
11 0.53984375 0.5046875 0.08359375 0.1421875
2 0.63125 0.47421875 0.07421875 0.17734375
6 0.6046875 0.29140625 0.32109375 0.29921875