9 0.47578125 0.84609375 0.12890625 0.096875
11 0.22734375 0.68984375 0.1 0.12109375
10 0.23046875 0.8609375 0.1453125 0.103125
7 0.221875 0.20859375 0.1375 0.09765625
8 0.21015625 0.3640625 0.17421875 0.10078125
13 0.48671875 0.43828125 0.2546875 0.08203125
14 0.484375 0.646875 0.16015625 0.1
15 0.20078125 0.50546875 0.11953125 0.0703125
4 0.7171875 0.7859375 0.13828125 0.09140625
5 0.70390625 0.9078125 0.18203125 0.12578125
1 0.77578125 0.37265625 0.1390625 0.06484375
3 0.7859375 0.19921875 0.16953125 0.09296875
2 0.52890625 0.109375 0.2484375 0.08828125
0 0.49375 0.2796875 0.271875 0.1140625
12 0.784375 0.4921875 0.2359375 0.1640625
6 0.72109375 0.66875 0.459375 0.21640625