0 0.86640625 0.54453125 0.17421875 0.1484375
1 0.66484375 0.76875 0.10859375 0.0875
2 0.55859375 0.63515625 0.1328125 0.1234375
3 0.54609375 0.1328125 0.1375 0.0890625
4 0.884375 0.66953125 0.13671875 0.0796875
5 0.80859375 0.3359375 0.14453125 0.08984375
6 0.45390625 0.0953125 0.27890625 0.190625
7 0.703125 0.53828125 0.12109375 0.0796875
8 0.68515625 0.23359375 0.134375 0.103125
9 0.790625 0.7390625 0.12578125 0.09140625
10 0.778125 0.41796875 0.1296875 0.08203125
11 0.53984375 0.759375 0.08515625 0.12109375
12 0.52890625 0.36171875 0.20859375 0.1328125
13 0.40234375 0.2484375 0.2140625 0.12109375
14 0.51875 0.5015625 0.13984375 0.0859375
15 0.68984375 0.671875 0.078125 0.075