9 0.47734375 0.84609375 0.128125 0.09921875
11 0.22734375 0.68828125 0.1109375 0.1140625
10 0.228125 0.8609375 0.146875 0.10234375
7 0.21875 0.2078125 0.1390625 0.09453125
8 0.20859375 0.3640625 0.17734375 0.096875
13 0.484375 0.475 0.165625 0.14453125
14 0.43828125 0.653125 0.175 0.10703125
15 0.20234375 0.50625 0.1203125 0.07109375
4 0.7171875 0.7984375 0.13515625 0.0953125
5 0.7078125 0.9078125 0.1859375 0.1234375
1 0.78359375 0.375 0.1296875 0.06953125
3 0.7875 0.19921875 0.1625 0.09765625
2 0.528125 0.11015625 0.25390625 0.09375
0 0.49921875 0.2796875 0.26328125 0.11015625
12 0.76640625 0.5984375 0.325 0.1203125
6 0.903125 0.6234375 0.19296875 0.23671875