0 0.90625 0.6703125 0.1875 0.1375
1 0.775 0.61171875 0.12265625 0.059375
2 0.73203125 0.51640625 0.17890625 0.078125
3 0.7015625 0.70859375 0.125 0.10546875
4 0.46875 0.29375 0.12734375 0.10703125
5 0.6421875 0.3578125 0.13515625 0.09765625
6 0.3390625 0.2125 0.34375 0.2890625
7 0.5734375 0.71328125 0.09921875 0.0953125
8 0.63828125 0.59453125 0.12265625 0.08046875
9 0.91015625 0.5515625 0.1234375 0.08125
10 0.884375 0.34609375 0.15625 0.09921875
11 0.89453125 0.45 0.171875 0.0625
12 0.76796875 0.2390625 0.20703125 0.14609375
13 0.4453125 0.6265625 0.20703125 0.11328125
14 0.425 0.528125 0.125 0.08203125
15 0.60625 0.46796875 0.1171875 0.06171875