12 0.3578125 0.1484375 0.2109375 0.16953125
0 0.8640625 0.54453125 0.17421875 0.15546875
1 0.57109375 0.80390625 0.09140625 0.09609375
2 0.85546875 0.29921875 0.14375 0.1390625
3 0.7109375 0.22421875 0.12265625 0.109375
13 0.615625 0.37421875 0.18671875 0.1546875
14 0.51328125 0.49921875 0.1375 0.103125
15 0.54453125 0.25078125 0.075 0.0890625
7 0.696875 0.540625 0.1140625 0.0828125
8 0.49375 0.64609375 0.16640625 0.115625
9 0.77890625 0.73828125 0.12265625 0.10625
10 0.77578125 0.41640625 0.12890625 0.090625
11 0.6625 0.6609375 0.12578125 0.128125
6 0.5234375 0.8828125 0.2921875 0.23359375
4 0.88515625 0.6703125 0.140625 0.08828125
5 0.91640625 0.365625 0.13125 0.0875