0 0.48125 0.32109375 0.23515625 0.22890625
10 0.321875 0.31171875 0.125 0.121875
14 0.2140625 0.3046875 0.1265625 0.12734375
5 0.10234375 0.34375 0.13046875 0.12734375
4 0.115625 0.4703125 0.1390625 0.12265625
9 0.22421875 0.44609375 0.103125 0.08984375
7 0.33203125 0.43984375 0.0984375 0.1078125
3 0.446875 0.43203125 0.11875 0.1109375
1 0.34453125 0.584375 0.10625 0.07265625
15 0.45625 0.5828125 0.10625 0.08203125
11 0.55234375 0.53125 0.08984375 0.1390625
6 0.6484375 0.3953125 0.3671875 0.42890625