0 0.88046875 0.57578125 0.20625 0.13125
1 0.62734375 0.77734375 0.09765625 0.08203125
2 0.36328125 0.61171875 0.17578125 0.13828125
3 0.72109375 0.53203125 0.13515625 0.11953125
4 0.559375 0.45859375 0.11484375 0.07890625
5 0.628125 0.64296875 0.12578125 0.10703125
6 0.440625 0.21640625 0.271875 0.2171875
7 0.5109375 0.7296875 0.10859375 0.0828125
8 0.75625 0.7015625 0.13515625 0.11953125
9 0.76640625 0.82890625 0.12734375 0.1015625
10 0.6609375 0.18828125 0.13046875 0.11875
11 0.89765625 0.4640625 0.175 0.08203125
12 0.54765625 0.8625 0.240625 0.134375
13 0.8 0.31875 0.1625 0.15546875
14 0.89140625 0.72890625 0.14140625 0.11015625
15 0.5421875 0.26171875 0.10625 0.0578125