9 0.478125 0.8453125 0.1296875 0.096875
11 0.23046875 0.6890625 0.109375 0.11640625
10 0.23125 0.8625 0.153125 0.1015625
7 0.21875 0.20859375 0.14296875 0.09453125
8 0.2109375 0.36328125 0.17109375 0.0984375
13 0.484375 0.478125 0.1671875 0.15
14 0.43359375 0.65390625 0.1765625 0.10546875
15 0.20546875 0.50625 0.115625 0.06953125
4 0.703125 0.73828125 0.1390625 0.090625
5 0.703125 0.9078125 0.18359375 0.12265625
1 0.78515625 0.37734375 0.0984375 0.07734375
3 0.76953125 0.23046875 0.15390625 0.090625
2 0.63203125 0.10078125 0.090625 0.1625
0 0.50859375 0.26953125 0.1453125 0.15859375
12 0.76328125 0.57265625 0.2625 0.17265625
6 0.7921875 0.0953125 0.415625 0.190625