9 0.4984375 0.72421875 0.1328125 0.0890625
11 0.2890625 0.7140625 0.0953125 0.1203125
10 0.21796875 0.8625 0.134375 0.1015625
7 0.2203125 0.20625 0.14453125 0.09375
8 0.2140625 0.365625 0.171875 0.09765625
13 0.503125 0.43984375 0.25234375 0.08125
14 0.48125 0.59765625 0.1328125 0.08203125
15 0.26640625 0.5734375 0.14140625 0.053125
4 0.746875 0.9046875 0.146875 0.1046875
5 0.49765625 0.90234375 0.1375 0.1046875
1 0.77890625 0.5578125 0.09921875 0.084375
3 0.83984375 0.42109375 0.196875 0.090625
2 0.7875 0.2796875 0.265625 0.06875
0 0.51015625 0.2828125 0.25 0.1
12 0.7453125 0.740625 0.25859375 0.15859375
6 0.271875 0.89921875 0.3078125 0.2015625