0 0.85078125 0.715625 0.18984375 0.084375
1 0.75703125 0.61171875 0.11640625 0.06953125
2 0.70546875 0.525 0.196875 0.09609375
3 0.7046875 0.76875 0.1140625 0.11171875
4 0.5 0.39765625 0.0984375 0.075
5 0.6390625 0.359375 0.1203125 0.09375
6 0.3671875 0.18828125 0.33671875 0.27578125
7 0.509375 0.73125 0.103125 0.08515625
8 0.5890625 0.6625 0.11796875 0.09296875
9 0.49296875 0.25625 0.10546875 0.07734375
10 0.8828125 0.346875 0.1421875 0.0921875
11 0.89375 0.4515625 0.16015625 0.06171875
12 0.7625 0.2375 0.18203125 0.15
13 0.434375 0.6015625 0.1796875 0.0890625
14 0.52265625 0.5140625 0.1015625 0.075
15 0.6109375 0.46796875 0.09453125 0.0609375