0 0.76640625 0.2625 0.1390625 0.10234375
10 0.478125 0.2359375 0.20078125 0.20234375
14 0.2078125 0.2890625 0.14609375 0.12890625
5 0.09296875 0.33671875 0.14296875 0.13046875
4 0.0984375 0.4671875 0.1390625 0.128125
9 0.2109375 0.428125 0.115625 0.1125
7 0.32265625 0.42109375 0.1171875 0.1109375
3 0.4296875 0.41796875 0.096875 0.1109375
1 0.3390625 0.55 0.109375 0.06328125
15 0.4484375 0.53828125 0.1 0.08046875
12 0.79765625 0.42421875 0.16640625 0.16953125
6 0.60703125 0.3515625 0.34375 0.478125