9 0.49921875 0.721875 0.1296875 0.09765625
11 0.28984375 0.71328125 0.10390625 0.1203125
10 0.2296875 0.8609375 0.15625 0.1078125
7 0.21796875 0.20703125 0.14765625 0.09921875
8 0.2109375 0.36484375 0.17578125 0.10234375
13 0.46640625 0.33671875 0.14453125 0.159375
14 0.45390625 0.55 0.13984375 0.0828125
15 0.265625 0.5734375 0.1453125 0.059375
4 0.72578125 0.7546875 0.1390625 0.09453125
5 0.646875 0.8671875 0.14453125 0.103125
1 0.7515625 0.41484375 0.1453125 0.04453125
3 0.79296875 0.284375 0.1484375 0.0890625
2 0.76953125 0.1078125 0.1125 0.16796875
0 0.46640625 0.11328125 0.1515625 0.1703125
12 0.7578125 0.5671875 0.2484375 0.1671875
6 0.83515625 0.4953125 0.32890625 0.3140625