8 0.415625 0.2328125 0.18203125 0.17265625
10 0.31484375 0.29765625 0.0953125 0.12265625
14 0.20078125 0.30546875 0.1375 0.1375
5 0.084375 0.3390625 0.14921875 0.12578125
4 0.0953125 0.4609375 0.121875 0.11015625
9 0.20390625 0.43671875 0.1109375 0.1015625
7 0.32109375 0.42421875 0.1078125 0.1078125
3 0.421875 0.42265625 0.09375 0.1203125
1 0.33203125 0.55390625 0.1109375 0.07109375
15 0.44609375 0.54765625 0.1015625 0.08359375
11 0.53359375 0.49765625 0.08671875 0.146875
6 0.57109375 0.27578125 0.3796875 0.43671875