8 0.53671875 0.13359375 0.134375 0.1203125
7 0.70234375 0.5390625 0.11953125 0.090625
13 0.40390625 0.2453125 0.24453125 0.11953125
14 0.5140625 0.4984375 0.13671875 0.08671875
15 0.69140625 0.67109375 0.08828125 0.0859375
12 0.53046875 0.35859375 0.2515625 0.12890625
0 0.86328125 0.54296875 0.15859375 0.14453125
1 0.6671875 0.765625 0.090625 0.0859375
2 0.553125 0.6328125 0.13359375 0.1359375
3 0.70390625 0.1921875 0.13984375 0.10859375
4 0.8796875 0.6671875 0.12578125 0.0890625
5 0.809375 0.334375 0.1328125 0.09765625
6 0.46328125 0.0828125 0.31328125 0.16484375
9 0.79140625 0.7421875 0.1359375 0.0953125
11 0.5375 0.75625 0.08828125 0.1265625
10 0.7796875 0.41328125 0.13046875 0.08125