0 0.740625 0.25859375 0.1796875 0.11328125
8 0.4265625 0.26484375 0.1046875 0.0890625
10 0.321875 0.275 0.11015625 0.128125
14 0.43671875 0.375 0.1546875 0.15703125
5 0.09296875 0.33125 0.1390625 0.11953125
4 0.10078125 0.45625 0.15 0.109375
9 0.21484375 0.43046875 0.1234375 0.1078125
7 0.3171875 0.4171875 0.109375 0.10625
1 0.33359375 0.54765625 0.1171875 0.08984375
15 0.45078125 0.5375 0.1046875 0.08515625
12 0.79453125 0.42734375 0.21015625 0.17890625
6 0.58359375 0.42265625 0.32109375 0.41015625