9 0.49921875 0.7234375 0.1296875 0.09140625
11 0.2875 0.7140625 0.09609375 0.11875
10 0.22890625 0.8609375 0.15546875 0.1046875
7 0.21875 0.209375 0.15234375 0.0984375
8 0.2109375 0.36484375 0.17890625 0.0984375
13 0.503125 0.42890625 0.25234375 0.08671875
14 0.48203125 0.5984375 0.134375 0.084375
15 0.26484375 0.5734375 0.14453125 0.0546875
4 0.74453125 0.90390625 0.1484375 0.10703125
5 0.49765625 0.90234375 0.140625 0.10703125
1 0.79296875 0.4265625 0.11015625 0.07109375
3 0.74453125 0.28359375 0.1453125 0.10546875
2 0.76171875 0.11796875 0.26328125 0.0859375
0 0.47109375 0.1140625 0.15390625 0.1703125
12 0.746875 0.75703125 0.2578125 0.12734375
6 0.7453125 0.54453125 0.3453125 0.3515625