9 0.4765625 0.846875 0.13359375 0.10234375
11 0.22890625 0.68828125 0.103125 0.115625
10 0.22890625 0.8609375 0.15546875 0.10625
7 0.21875 0.20703125 0.1421875 0.09453125
8 0.21015625 0.36640625 0.17421875 0.09765625
13 0.46640625 0.50859375 0.1515625 0.1515625
14 0.43515625 0.65625 0.17578125 0.11484375
15 0.203125 0.50703125 0.1140625 0.0734375
4 0.7 0.7375 0.13671875 0.09375
5 0.70703125 0.90859375 0.18515625 0.128125
1 0.82421875 0.39140625 0.08671875 0.065625
3 0.7921875 0.284375 0.15078125 0.08828125
2 0.7671875 0.10625 0.1046875 0.1640625
0 0.46640625 0.11484375 0.1515625 0.16640625
12 0.73515625 0.5953125 0.2546875 0.14609375
6 0.69921875 0.43984375 0.46796875 0.25546875