0 0.76328125 0.265625 0.2015625 0.11796875
13 0.5765625 0.259375 0.18984375 0.1296875
8 0.4203125 0.25 0.11328125 0.13359375
10 0.31171875 0.2265625 0.1125 0.10546875
14 0.1828125 0.23828125 0.1 0.11953125
5 0.07578125 0.25234375 0.12734375 0.11640625
3 0.42578125 0.36328125 0.1078125 0.11875
1 0.28828125 0.35625 0.21640625 0.18828125
15 0.4078125 0.52421875 0.115625 0.096875
11 0.50859375 0.47109375 0.08203125 0.15625
2 0.61015625 0.45078125 0.09375 0.234375
12 0.77734375 0.446875 0.2203125 0.21796875
6 0.20390625 0.44140625 0.4015625 0.44453125