9 0.47578125 0.84765625 0.1359375 0.10078125
11 0.228125 0.6875 0.103125 0.11171875
10 0.2265625 0.86171875 0.14375 0.1
7 0.21796875 0.20859375 0.14453125 0.09296875
8 0.21171875 0.3640625 0.16640625 0.09765625
13 0.48203125 0.4375 0.259375 0.08125
14 0.48046875 0.6453125 0.13046875 0.0859375
15 0.19765625 0.50390625 0.11796875 0.06875
4 0.73828125 0.7359375 0.1359375 0.08828125
5 0.73984375 0.86484375 0.16015625 0.1125
1 0.7828125 0.3734375 0.13515625 0.06875
3 0.78671875 0.19921875 0.17421875 0.09375
2 0.5265625 0.10703125 0.2578125 0.090625
0 0.4953125 0.28359375 0.26875 0.1125
12 0.784375 0.5515625 0.24609375 0.1859375