0 0.90859375 0.66875 0.1828125 0.1390625
1 0.76640625 0.61015625 0.1171875 0.06171875
2 0.44375 0.290625 0.18984375 0.10625
3 0.7046875 0.70234375 0.125 0.10078125
4 0.7265625 0.4921875 0.1140625 0.0796875
5 0.6421875 0.3609375 0.14140625 0.103125
6 0.33359375 0.17734375 0.24921875 0.25390625
7 0.57421875 0.71484375 0.1140625 0.0953125
8 0.63984375 0.5921875 0.12578125 0.0875
9 0.91328125 0.553125 0.12421875 0.07890625
10 0.88046875 0.3515625 0.15390625 0.11953125
11 0.8984375 0.45078125 0.16484375 0.07265625
12 0.76328125 0.234375 0.1953125 0.16328125
13 0.45234375 0.62265625 0.23984375 0.11328125
14 0.41796875 0.52890625 0.1234375 0.0859375
15 0.6046875 0.4703125 0.103125 0.0671875