9 0.4984375 0.7234375 0.13515625 0.09296875
11 0.29140625 0.7125 0.10078125 0.1203125
10 0.228125 0.86171875 0.15078125 0.1046875
7 0.21796875 0.2078125 0.14765625 0.096875
8 0.2125 0.365625 0.171875 0.09765625
13 0.46640625 0.3390625 0.140625 0.1546875
14 0.45390625 0.5515625 0.140625 0.0859375
15 0.26796875 0.57421875 0.146875 0.05859375
4 0.7234375 0.7546875 0.1453125 0.09453125
5 0.6453125 0.86875 0.1515625 0.109375
1 0.78515625 0.41015625 0.09453125 0.0765625
3 0.79453125 0.28515625 0.1546875 0.0890625
2 0.76953125 0.10703125 0.11171875 0.1703125
0 0.47109375 0.11640625 0.15 0.17265625
12 0.71875 0.57578125 0.2296875 0.196875
6 0.84453125 0.55703125 0.3109375 0.221875