9 0.7640625 0.5734375 0.109375 0.07734375
10 0.2796875 0.5875 0.1359375 0.10546875
11 0.65859375 0.546875 0.10703125 0.0984375
7 0.78359375 0.74140625 0.128125 0.09609375
8 0.365625 0.2546875 0.12578125 0.10703125
13 0.6203125 0.796875 0.1265625 0.16796875
14 0.7421875 0.45546875 0.1421875 0.0953125
15 0.45 0.37890625 0.0859375 0.078125
4 0.5703125 0.6078125 0.103125 0.075
5 0.5625 0.26796875 0.1203125 0.10234375
1 0.71953125 0.64765625 0.0859375 0.0703125
3 0.584375 0.43203125 0.1140625 0.10078125
0 0.41796875 0.5 0.19453125 0.10546875
2 0.44296875 0.7125 0.1484375 0.178125
12 0.7203125 0.23046875 0.1765625 0.17890625
6 0.446875 0.84921875 0.234375 0.3015625