9 0.475 0.84609375 0.134375 0.10078125
11 0.27265625 0.7046875 0.1875 0.07734375
10 0.22578125 0.86015625 0.15 0.10703125
7 0.2171875 0.2046875 0.14296875 0.09765625
8 0.209375 0.365625 0.1828125 0.1
13 0.4609375 0.3359375 0.14375 0.15390625
14 0.4515625 0.55234375 0.1390625 0.0875
15 0.26015625 0.571875 0.15625 0.059375
4 0.72890625 0.5953125 0.14921875 0.08359375
5 0.6875 0.9234375 0.153125 0.10625
1 0.82265625 0.40703125 0.13046875 0.07578125
3 0.79296875 0.28671875 0.1515625 0.090625
2 0.771875 0.10703125 0.115625 0.16953125
0 0.46640625 0.1171875 0.1546875 0.175
12 0.71796875 0.47109375 0.25625 0.14140625
6 0.64453125 0.7171875 0.35859375 0.31875