9 0.4796875 0.846875 0.1328125 0.10234375
11 0.26953125 0.709375 0.19140625 0.07109375
10 0.23203125 0.86171875 0.1515625 0.10703125
7 0.21875 0.2078125 0.14609375 0.09765625
8 0.21171875 0.3640625 0.1734375 0.09765625
13 0.46875 0.33984375 0.13984375 0.15859375
14 0.4609375 0.47578125 0.16171875 0.09765625
15 0.25859375 0.5859375 0.12109375 0.05703125
4 0.73359375 0.6359375 0.1375 0.08515625
5 0.70625 0.90859375 0.18671875 0.12578125
1 0.81640625 0.40625 0.1328125 0.06953125
3 0.79375 0.2859375 0.15078125 0.090625
2 0.76640625 0.1078125 0.10625 0.16796875
0 0.4671875 0.115625 0.1453125 0.16875
12 0.72109375 0.471875 0.2546875 0.140625
6 0.4203125 0.6203125 0.396875 0.25