9 0.4984375 0.7234375 0.13203125 0.0890625
11 0.28828125 0.71328125 0.09765625 0.11953125
10 0.228125 0.86171875 0.15078125 0.1046875
7 0.2203125 0.2078125 0.1484375 0.096875
8 0.21171875 0.36484375 0.17734375 0.09609375
13 0.5046875 0.43984375 0.25234375 0.08046875
14 0.48046875 0.5984375 0.1375 0.08515625
15 0.26796875 0.571875 0.14609375 0.05546875
4 0.7484375 0.9046875 0.15234375 0.10859375
5 0.49609375 0.903125 0.13828125 0.10859375
1 0.7765625 0.55625 0.10546875 0.07890625
3 0.77578125 0.4421875 0.1796875 0.06875
2 0.75078125 0.10625 0.2375 0.1453125
0 0.484375 0.1890625 0.2640625 0.1640625
6 0.69140625 0.2484375 0.34765625 0.30703125
12 0.7484375 0.7375 0.26015625 0.16015625