12 0.38515625 0.18125 0.175 0.21015625
9 0.8515625 0.4453125 0.12578125 0.0796875
10 0.8796875 0.5578125 0.16171875 0.1078125
11 0.73515625 0.496875 0.1109375 0.1078125
7 0.715625 0.28828125 0.1171875 0.09375
8 0.5953125 0.2203125 0.1359375 0.0984375
13 0.57890625 0.40859375 0.2015625 0.09453125
14 0.44453125 0.590625 0.13203125 0.1
15 0.55625 0.31796875 0.09140625 0.08125
4 0.5640625 0.609375 0.09921875 0.08984375
5 0.50625 0.690625 0.1375 0.09453125
0 0.83125 0.734375 0.209375 0.14609375
2 0.709375 0.82578125 0.2046875 0.084375
3 0.6796875 0.61953125 0.11171875 0.09296875
1 0.734375 0.6578125 0.09296875 0.06640625
6 0.52890625 0.8765625 0.3109375 0.1984375