0 0.63203125 0.1375 0.22734375 0.109375
1 0.671875 0.76640625 0.12109375 0.084375
2 0.55859375 0.634375 0.1234375 0.13515625
3 0.85859375 0.59140625 0.1546875 0.08203125
4 0.88671875 0.671875 0.14140625 0.0765625
5 0.94296875 0.39921875 0.11328125 0.08203125
6 0.446875 0.10703125 0.33125 0.2140625
7 0.7015625 0.5390625 0.125 0.08515625
8 0.75078125 0.4078125 0.134375 0.10546875
9 0.78515625 0.7359375 0.12265625 0.08515625
10 0.8890625 0.48828125 0.1359375 0.075
11 0.53828125 0.75234375 0.1140625 0.1140625
12 0.53125 0.35625 0.2140625 0.13125
13 0.39609375 0.2453125 0.20703125 0.1234375
14 0.515625 0.49609375 0.1328125 0.09375
15 0.690625 0.67265625 0.08984375 0.08359375