9 0.49921875 0.72109375 0.134375 0.0921875
11 0.28828125 0.71328125 0.1015625 0.1203125
10 0.22890625 0.86171875 0.14921875 0.1046875
7 0.2203125 0.20625 0.15 0.09609375
8 0.2125 0.36484375 0.17890625 0.10078125
13 0.4625 0.33671875 0.146875 0.15546875
14 0.45234375 0.5515625 0.13828125 0.08671875
15 0.2671875 0.5734375 0.14140625 0.05625
4 0.7484375 0.90546875 0.15 0.10859375
5 0.4984375 0.9015625 0.13984375 0.109375
1 0.7859375 0.41640625 0.103125 0.07734375
3 0.74453125 0.284375 0.1484375 0.10546875
2 0.7609375 0.1203125 0.26875 0.0875
0 0.471875 0.115625 0.1515625 0.17265625
12 0.74453125 0.740625 0.259375 0.15859375
6 0.76875 0.5640625 0.46171875 0.203125