0 0.86875 0.43125 0.2171875 0.11953125
1 0.62109375 0.7828125 0.1140625 0.09375
2 0.36015625 0.61328125 0.18203125 0.14140625
3 0.728125 0.5328125 0.13203125 0.1046875
4 0.50859375 0.86796875 0.13046875 0.09765625
5 0.93125 0.5765625 0.134375 0.0875
6 0.3734375 0.19921875 0.34140625 0.259375
7 0.5203125 0.6015625 0.109375 0.08671875
8 0.75625 0.70234375 0.13125 0.1078125
9 0.76640625 0.828125 0.13125 0.09765625
10 0.65390625 0.19375 0.1375 0.12109375
11 0.68125 0.38515625 0.1359375 0.11796875
12 0.56640625 0.4609375 0.16015625 0.17578125
13 0.81015625 0.3171875 0.16484375 0.14375
14 0.89296875 0.728125 0.13828125 0.1015625
15 0.490625 0.24296875 0.08359375 0.08515625