0 0.7703125 0.28515625 0.21015625 0.11953125
8 0.44453125 0.26875 0.1796875 0.1890625
10 0.315625 0.2875 0.115625 0.11484375
14 0.19609375 0.303125 0.13671875 0.128125
5 0.08203125 0.3453125 0.1640625 0.1203125
4 0.1015625 0.4609375 0.121875 0.09921875
9 0.209375 0.43671875 0.125 0.1109375
7 0.31796875 0.43046875 0.1046875 0.1109375
3 0.4265625 0.42890625 0.10625 0.1203125
1 0.33984375 0.55625 0.1109375 0.06328125
15 0.44140625 0.54609375 0.0953125 0.07109375
11 0.53828125 0.503125 0.07109375 0.1390625
6 0.59921875 0.3125 0.359375 0.36875