9 0.475 0.84765625 0.13125 0.1
11 0.228125 0.68984375 0.10546875 0.1140625
10 0.22734375 0.8625 0.1453125 0.103125
7 0.21484375 0.2078125 0.1515625 0.09765625
7 0.209375 0.36640625 0.16953125 0.0984375
8 0.29375 0.4140625 0.00078125 0.0015625
13 0.47890625 0.4796875 0.1625 0.15234375
14 0.43515625 0.6546875 0.1796875 0.11015625
15 0.2046875 0.50625 0.11796875 0.07421875
4 0.6984375 0.73828125 0.13984375 0.09140625
5 0.70546875 0.909375 0.17890625 0.1265625
1 0.671875 0.428125 0.0828125 0.07890625
3 0.80234375 0.2046875 0.178125 0.084375
2 0.53125 0.10859375 0.25625 0.0890625
0 0.528125 0.2703125 0.1671875 0.16015625
12 0.7609375 0.56953125 0.24453125 0.17734375
6 0.74765625 0.3453125 0.42578125 0.26640625