9 0.4765625 0.8453125 0.13046875 0.096875
11 0.23046875 0.6890625 0.10625 0.11640625
10 0.22421875 0.8625 0.15390625 0.10234375
7 0.21796875 0.209375 0.14375 0.09609375
8 0.2109375 0.36328125 0.171875 0.09765625
13 0.4859375 0.43984375 0.25625 0.08046875
14 0.48203125 0.64453125 0.12421875 0.08515625
15 0.20390625 0.5078125 0.11953125 0.07265625
4 0.73828125 0.68515625 0.1359375 0.08828125
5 0.7390625 0.86328125 0.14921875 0.1015625
1 0.78046875 0.371875 0.13046875 0.06953125
3 0.7890625 0.2 0.16484375 0.09921875
2 0.52578125 0.109375 0.25703125 0.09296875
0 0.49296875 0.28046875 0.2671875 0.1171875
12 0.8375 0.50625 0.2296875 0.18671875
6 0.8609375 0.740625 0.278125 0.26796875