9 0.475 0.84609375 0.13359375 0.0984375
11 0.228125 0.68984375 0.10546875 0.11875
10 0.2296875 0.86171875 0.1546875 0.10390625
7 0.2171875 0.2078125 0.14296875 0.09453125
8 0.2046875 0.365625 0.17734375 0.09765625
13 0.48203125 0.47890625 0.16484375 0.15234375
14 0.4359375 0.65390625 0.1734375 0.10703125
15 0.20546875 0.50703125 0.115625 0.07265625
4 0.69921875 0.7375 0.15546875 0.0984375
5 0.70546875 0.91015625 0.18125 0.13046875
1 0.78203125 0.3796875 0.11328125 0.071875
3 0.78984375 0.19765625 0.16328125 0.09453125
2 0.53125 0.109375 0.253125 0.09140625
0 0.496875 0.28046875 0.26796875 0.11640625
12 0.76171875 0.565625 0.2453125 0.1703125
6 0.846875 0.36328125 0.30546875 0.20703125