0 0.6171875 0.15859375 0.1703125 0.15859375
1 0.62890625 0.7796875 0.1015625 0.0875
2 0.3609375 0.61640625 0.171875 0.13671875
3 0.85546875 0.57734375 0.15703125 0.0859375
4 0.88984375 0.7625 0.13125 0.1
5 0.8890625 0.4765625 0.15703125 0.0890625
6 0.30078125 0.24765625 0.36328125 0.14921875
7 0.515625 0.60546875 0.09921875 0.096875
8 0.40625 0.19453125 0.13359375 0.08984375
9 0.7609375 0.83046875 0.125 0.11796875
10 0.62109375 0.490625 0.13359375 0.09296875
11 0.48828125 0.8953125 0.11796875 0.13828125
12 0.82890625 0.32578125 0.240625 0.14765625
13 0.62734375 0.33984375 0.1671875 0.16328125
14 0.78046875 0.65546875 0.1328125 0.10234375
15 0.62734375 0.6375 0.09765625 0.10234375