9 0.5 0.72265625 0.13203125 0.09140625
11 0.290625 0.7140625 0.1015625 0.11875
10 0.22890625 0.8625 0.1515625 0.10390625
7 0.21875 0.20625 0.14921875 0.09453125
8 0.2140625 0.36328125 0.175 0.09609375
13 0.5046875 0.4390625 0.253125 0.08125
14 0.48125 0.59765625 0.13203125 0.0859375
15 0.26875 0.5734375 0.1375 0.0546875
4 0.74921875 0.90546875 0.14375 0.10546875
5 0.49765625 0.90234375 0.13828125 0.10703125
1 0.77734375 0.55703125 0.09609375 0.08125
3 0.7828125 0.453125 0.1875 0.0796875
2 0.78671875 0.278125 0.2578125 0.06796875
0 0.509375 0.28203125 0.2546875 0.096875
12 0.746875 0.73828125 0.26015625 0.15546875
6 0.88359375 0.47890625 0.2328125 0.2265625