9 0.5015625 0.72265625 0.13125 0.09140625
11 0.28828125 0.71328125 0.096875 0.115625
10 0.23046875 0.86328125 0.1515625 0.1046875
7 0.21953125 0.20625 0.14453125 0.09375
8 0.2109375 0.36328125 0.171875 0.1
13 0.50546875 0.4390625 0.25078125 0.08359375
14 0.48203125 0.59609375 0.134375 0.08125
15 0.26796875 0.571875 0.140625 0.0546875
4 0.75 0.9046875 0.14921875 0.10625
5 0.4984375 0.903125 0.1390625 0.10625
1 0.77890625 0.55546875 0.09921875 0.078125
3 0.83828125 0.41875 0.196875 0.08046875
2 0.78515625 0.27734375 0.26484375 0.06875
0 0.509375 0.28046875 0.2578125 0.0984375
12 0.74609375 0.73984375 0.26953125 0.1609375