9 0.478125 0.84453125 0.13359375 0.103125
11 0.23046875 0.6890625 0.10625 0.11484375
10 0.22890625 0.86171875 0.15625 0.10390625
7 0.21875 0.20625 0.1484375 0.096875
8 0.2109375 0.3671875 0.171875 0.096875
13 0.46796875 0.33671875 0.140625 0.1515625
14 0.43515625 0.65625 0.1796875 0.11328125
15 0.20234375 0.50703125 0.1203125 0.075
4 0.70078125 0.7390625 0.140625 0.09296875
5 0.70703125 0.909375 0.19140625 0.13359375
1 0.81484375 0.40703125 0.12890625 0.071875
3 0.79375 0.2859375 0.15078125 0.0875
2 0.7671875 0.10703125 0.1109375 0.1671875
0 0.46796875 0.115625 0.146875 0.16640625
12 0.7171875 0.471875 0.25390625 0.14140625
6 0.7078125 0.64609375 0.51953125 0.18125