0 0.8859375 0.5734375 0.20625 0.13046875
1 0.6203125 0.7765625 0.0953125 0.0859375
2 0.36640625 0.6140625 0.16015625 0.1484375
3 0.72734375 0.53203125 0.12578125 0.10390625
4 0.5140625 0.86484375 0.12890625 0.10546875
5 0.4875 0.2703125 0.13359375 0.1125
6 0.3859375 0.19921875 0.3125 0.2984375
7 0.51484375 0.59609375 0.10078125 0.08125
8 0.75390625 0.703125 0.14453125 0.11875
9 0.7671875 0.82578125 0.11875 0.1015625
10 0.6609375 0.1890625 0.1328125 0.13359375
11 0.8953125 0.46953125 0.1703125 0.08984375
12 0.57109375 0.46484375 0.1609375 0.1765625
13 0.80078125 0.31796875 0.15859375 0.1625
14 0.89140625 0.72578125 0.13515625 0.10078125
15 0.65703125 0.359375 0.08125 0.08984375