13 0.58984375 0.2546875 0.196875 0.128125
8 0.42109375 0.2953125 0.12578125 0.1171875
10 0.3171875 0.2953125 0.1015625 0.11328125
14 0.196875 0.2953125 0.15234375 0.1359375
5 0.09375 0.34140625 0.13046875 0.1171875
4 0.09921875 0.46328125 0.13515625 0.09765625
9 0.209375 0.4390625 0.115625 0.1125
7 0.32890625 0.42578125 0.0984375 0.1078125
3 0.440625 0.40859375 0.1 0.1140625
1 0.33671875 0.5578125 0.1015625 0.06328125
15 0.4484375 0.55078125 0.10625 0.07421875
11 0.5359375 0.49921875 0.08828125 0.15625
2 0.63125 0.4703125 0.08984375 0.18515625
12 0.77890625 0.44375 0.18671875 0.19296875
6 0.765625 0.25234375 0.33046875 0.29765625