0 0.89140625 0.57578125 0.1921875 0.13125
1 0.62890625 0.77578125 0.096875 0.08515625
2 0.3578125 0.6046875 0.17734375 0.134375
3 0.72734375 0.53203125 0.121875 0.10390625
4 0.55390625 0.47421875 0.125 0.08359375
5 0.628125 0.64375 0.12890625 0.10078125
6 0.440625 0.21640625 0.34921875 0.29921875
7 0.50703125 0.72734375 0.11953125 0.09296875
8 0.75703125 0.69921875 0.13671875 0.11171875
9 0.76640625 0.8234375 0.1234375 0.09375
10 0.83984375 0.3265625 0.15546875 0.1109375
11 0.89375 0.46796875 0.17265625 0.0765625
12 0.55078125 0.86484375 0.24140625 0.134375
13 0.54921875 0.26015625 0.125 0.159375
14 0.8921875 0.7234375 0.1265625 0.09765625
15 0.69453125 0.40078125 0.115625 0.06640625