9 0.47734375 0.84765625 0.134375 0.10078125
11 0.2296875 0.68984375 0.0953125 0.1140625
10 0.22890625 0.8609375 0.1484375 0.10078125
7 0.2171875 0.2078125 0.15 0.09765625
8 0.209375 0.3671875 0.165625 0.09453125
13 0.48125 0.47890625 0.17109375 0.15078125
14 0.434375 0.65703125 0.178125 0.11015625
15 0.20390625 0.50625 0.11953125 0.0671875
4 0.6984375 0.73828125 0.1390625 0.0890625
5 0.70390625 0.90859375 0.1859375 0.12578125
1 0.78515625 0.37578125 0.10078125 0.08125
3 0.76953125 0.22890625 0.15078125 0.0921875
2 0.528125 0.1109375 0.246875 0.08828125
0 0.5125 0.27265625 0.15 0.16015625
12 0.7609375 0.571875 0.2578125 0.16796875
6 0.909375 0.15546875 0.18046875 0.21484375