9 0.4765625 0.8453125 0.12734375 0.09921875
11 0.22890625 0.68984375 0.103125 0.11328125
10 0.2296875 0.8625 0.15078125 0.10703125
7 0.22109375 0.20859375 0.14296875 0.09609375
8 0.2078125 0.36328125 0.1765625 0.1
13 0.48359375 0.47734375 0.16875 0.1515625
14 0.4359375 0.6546875 0.175 0.1109375
15 0.2 0.50703125 0.125 0.0734375
4 0.69921875 0.7375 0.1375 0.09140625
5 0.7046875 0.9078125 0.18359375 0.12890625
1 0.79609375 0.43046875 0.10625 0.07578125
3 0.78984375 0.28515625 0.15 0.08828125
2 0.73828125 0.103125 0.1125 0.1609375
0 0.5140625 0.27109375 0.14609375 0.1546875
12 0.76171875 0.57109375 0.259375 0.16796875
6 0.85625 0.1703125 0.2875 0.31015625