0 0.75234375 0.253125 0.18984375 0.1203125
13 0.57734375 0.25625 0.2 0.13203125
8 0.4234375 0.2328125 0.11875 0.13515625
10 0.29609375 0.2265625 0.1328125 0.13671875
14 0.16484375 0.22734375 0.15390625 0.134375
5 0.05859375 0.2390625 0.1140625 0.1359375
4 0.05546875 0.3796875 0.1046875 0.1203125
9 0.1640625 0.371875 0.121875 0.1265625
7 0.28359375 0.36796875 0.1203125 0.125
3 0.42265625 0.35 0.1203125 0.1234375
1 0.25625 0.49765625 0.1328125 0.07578125
2 0.65625 0.44140625 0.06796875 0.18515625
12 0.803125 0.43046875 0.2328125 0.20078125
6 0.51640625 0.54765625 0.46796875 0.34296875