0 0.6203125 0.16015625 0.15546875 0.1578125
1 0.62265625 0.7828125 0.10390625 0.090625
2 0.36875 0.6109375 0.171875 0.125
3 0.85390625 0.58203125 0.140625 0.0859375
4 0.890625 0.7625 0.13046875 0.09140625
5 0.89296875 0.47421875 0.1328125 0.090625
6 0.18359375 0.27265625 0.3671875 0.23359375
7 0.51796875 0.60859375 0.10234375 0.0921875
8 0.57890625 0.3671875 0.1515625 0.103125
9 0.7625 0.83203125 0.12421875 0.11484375
10 0.6203125 0.490625 0.13203125 0.0953125
11 0.49296875 0.89296875 0.11171875 0.13046875
12 0.81875 0.3328125 0.23984375 0.1484375
13 0.4484375 0.21171875 0.1125 0.1796875
14 0.77890625 0.65625 0.15546875 0.103125
15 0.62890625 0.63515625 0.08515625 0.10390625