0 0.465625 0.20078125 0.21328125 0.12109375
1 0.62578125 0.7765625 0.1078125 0.084375
2 0.35703125 0.609375 0.178125 0.125
3 0.85234375 0.57421875 0.15078125 0.08203125
4 0.896875 0.7625 0.1265625 0.0984375
5 0.8921875 0.47265625 0.13359375 0.08671875
6 0.30625 0.19765625 0.37734375 0.2484375
7 0.52109375 0.59921875 0.10234375 0.07734375
8 0.71796875 0.5078125 0.12890625 0.09609375
9 0.76640625 0.821875 0.1140625 0.10625
10 0.6609375 0.18671875 0.12109375 0.11015625
11 0.4921875 0.88984375 0.11171875 0.13828125
12 0.56640625 0.459375 0.15390625 0.17578125
13 0.80703125 0.32109375 0.1578125 0.146875
14 0.7765625 0.64921875 0.13984375 0.10078125
15 0.6296875 0.63125 0.090625 0.0828125