0 0.9078125 0.6734375 0.184375 0.134375
1 0.771875 0.6109375 0.11328125 0.0609375
2 0.73046875 0.515625 0.18671875 0.075
3 0.703125 0.70078125 0.12109375 0.0984375
4 0.50234375 0.3984375 0.103125 0.08125
5 0.64140625 0.3625 0.12265625 0.10078125
6 0.27578125 0.4671875 0.31796875 0.253125
7 0.571875 0.71640625 0.115625 0.09453125
8 0.6328125 0.58984375 0.12578125 0.07734375
9 0.909375 0.5546875 0.12890625 0.08359375
10 0.88671875 0.34765625 0.14453125 0.103125
11 0.896875 0.44921875 0.1578125 0.0546875
12 0.74921875 0.23046875 0.22109375 0.15625
13 0.46484375 0.62265625 0.2015625 0.0984375
14 0.4125 0.5265625 0.13671875 0.09375
15 0.60859375 0.4671875 0.1046875 0.053125