9 0.47578125 0.8453125 0.12890625 0.09921875
11 0.23125 0.68984375 0.115625 0.1171875
10 0.228125 0.8609375 0.146875 0.103125
7 0.2171875 0.20625 0.14296875 0.09375
8 0.21328125 0.36484375 0.16875 0.096875
13 0.48359375 0.4765625 0.17265625 0.14609375
14 0.434375 0.65234375 0.178125 0.109375
15 0.2015625 0.50703125 0.11484375 0.071875
4 0.71640625 0.7984375 0.13359375 0.096875
5 0.70703125 0.9125 0.18828125 0.121875
1 0.78046875 0.3734375 0.13046875 0.06953125
3 0.790625 0.20078125 0.16015625 0.103125
2 0.53125 0.11171875 0.26015625 0.09453125
0 0.49765625 0.28046875 0.265625 0.1171875
12 0.78515625 0.465625 0.246875 0.15234375
6 0.92421875 0.5296875 0.1515625 0.27578125