9 0.76328125 0.56875 0.11171875 0.07109375
10 0.2875 0.55625 0.14453125 0.09765625
11 0.66171875 0.53671875 0.1296875 0.09609375
7 0.70859375 0.34296875 0.11484375 0.08828125
8 0.40390625 0.22421875 0.153125 0.11796875
13 0.51328125 0.81015625 0.20703125 0.14765625
14 0.759375 0.45 0.13984375 0.0859375
15 0.47890625 0.35859375 0.10078125 0.08515625
4 0.56484375 0.59140625 0.1046875 0.0765625
5 0.6046875 0.25859375 0.13125 0.10078125
0 0.4234375 0.47421875 0.1984375 0.10703125
1 0.7078125 0.63984375 0.0984375 0.0796875
3 0.609375 0.4203125 0.0984375 0.09375
2 0.4609375 0.66640625 0.115625 0.15
12 0.81875 0.775 0.20625 0.15703125
6 0.721875 0.8859375 0.415625 0.22734375