9 0.47578125 0.84609375 0.13203125 0.1
11 0.23125 0.6890625 0.1046875 0.11953125
10 0.22734375 0.8609375 0.15 0.10625
7 0.2171875 0.20703125 0.15 0.08984375
8 0.20625 0.3640625 0.16953125 0.09375
13 0.48203125 0.478125 0.165625 0.14765625
14 0.43828125 0.6546875 0.17109375 0.10390625
15 0.203125 0.50546875 0.11796875 0.07109375
4 0.69921875 0.7375 0.1421875 0.090625
5 0.7046875 0.90703125 0.1875 0.1265625
1 0.78125 0.37109375 0.128125 0.0671875
3 0.79140625 0.2 0.1625 0.096875
2 0.52890625 0.109375 0.25234375 0.0921875
0 0.49921875 0.28125 0.25625 0.11171875
12 0.75703125 0.5703125 0.253125 0.18359375
6 0.9515625 0.5171875 0.096875 0.23359375