0 0.8828125 0.56640625 0.20859375 0.134375
1 0.628125 0.7796875 0.09609375 0.0796875
2 0.90859375 0.3921875 0.1828125 0.059375
3 0.75078125 0.6984375 0.13203125 0.08828125
4 0.55390625 0.4703125 0.12265625 0.078125
5 0.6265625 0.6375 0.1265625 0.1015625
6 0.39921875 0.2328125 0.359375 0.25625
7 0.509375 0.73203125 0.10859375 0.090625
8 0.5390625 0.28125 0.14609375 0.109375
9 0.76328125 0.82265625 0.1296875 0.10078125
10 0.8359375 0.3171875 0.14375 0.10390625
11 0.715625 0.515625 0.15234375 0.090625
12 0.5484375 0.8640625 0.25859375 0.13359375
13 0.4359375 0.596875 0.20625 0.09609375
14 0.8953125 0.72578125 0.146875 0.1109375
15 0.6921875 0.4046875 0.1234375 0.06640625