0 0.74453125 0.67421875 0.175 0.15390625
1 0.62890625 0.78125 0.1109375 0.09453125
2 0.90703125 0.3984375 0.1828125 0.071875
3 0.86171875 0.58125 0.14140625 0.096875
4 0.55234375 0.47109375 0.11484375 0.08984375
5 0.63046875 0.6375 0.128125 0.1015625
6 0.41171875 0.22578125 0.3171875 0.26875
7 0.50859375 0.73046875 0.1046875 0.08671875
8 0.55703125 0.275 0.12265625 0.1
9 0.765625 0.8265625 0.121875 0.1
10 0.8390625 0.3171875 0.140625 0.09921875
11 0.71796875 0.51953125 0.14765625 0.0875
12 0.5484375 0.865625 0.25859375 0.13828125
13 0.4359375 0.59609375 0.203125 0.09765625
14 0.890625 0.725 0.14375 0.103125
15 0.690625 0.40703125 0.1171875 0.071875