9 0.478125 0.8453125 0.12890625 0.096875
11 0.2328125 0.68984375 0.1140625 0.115625
10 0.22578125 0.86015625 0.15625 0.10234375
7 0.21640625 0.2078125 0.1453125 0.09296875
8 0.21171875 0.3640625 0.16953125 0.09453125
13 0.465625 0.3375 0.13515625 0.153125
14 0.4359375 0.65625 0.17734375 0.10625
15 0.20234375 0.50625 0.11640625 0.07109375
4 0.7015625 0.73828125 0.1328125 0.09375
5 0.70625 0.91015625 0.1828125 0.12578125
1 0.82890625 0.390625 0.08203125 0.07421875
3 0.79609375 0.28359375 0.14453125 0.08515625
2 0.7671875 0.10703125 0.10390625 0.1671875
0 0.46796875 0.11484375 0.14453125 0.16875
12 0.7359375 0.59609375 0.24921875 0.1421875
6 0.6609375 0.384375 0.3328125 0.2828125