9 0.4765625 0.84609375 0.1296875 0.0984375
11 0.23125 0.68828125 0.09765625 0.11484375
10 0.22890625 0.86171875 0.1453125 0.10390625
7 0.21796875 0.2078125 0.14140625 0.0984375
8 0.2125 0.36484375 0.16484375 0.0984375
13 0.4828125 0.4765625 0.1671875 0.1484375
14 0.4359375 0.6546875 0.17421875 0.1109375
15 0.20234375 0.50625 0.12265625 0.06875
4 0.7 0.7390625 0.13984375 0.090625
5 0.70390625 0.909375 0.1859375 0.13125
1 0.66953125 0.4359375 0.08515625 0.075
3 0.77265625 0.228125 0.15234375 0.0890625
2 0.528125 0.109375 0.25 0.08671875
0 0.5140625 0.271875 0.15 0.15703125
12 0.759375 0.575 0.25234375 0.171875
6 0.8015625 0.434375 0.396875 0.25