9 0.5015625 0.7234375 0.13203125 0.0890625
11 0.28828125 0.71484375 0.09375 0.11953125
10 0.23203125 0.86171875 0.15078125 0.10390625
7 0.2171875 0.20546875 0.15 0.09453125
8 0.21171875 0.36328125 0.1765625 0.096875
13 0.50546875 0.4375 0.25 0.07890625
14 0.48125 0.59921875 0.13203125 0.08515625
15 0.2671875 0.57265625 0.1390625 0.0515625
4 0.74375 0.9046875 0.14765625 0.1015625
5 0.49921875 0.9015625 0.146875 0.10703125
1 0.77890625 0.55625 0.1 0.08046875
3 0.784375 0.4515625 0.1875 0.0765625
2 0.72109375 0.0953125 0.2515625 0.14140625
0 0.50859375 0.28046875 0.25234375 0.09296875
12 0.7453125 0.73828125 0.26171875 0.1578125
6 0.859375 0.234375 0.28125 0.3421875