0 0.73984375 0.253125 0.15546875 0.1203125
8 0.43203125 0.25703125 0.10859375 0.08671875
10 0.32578125 0.27890625 0.1140625 0.12109375
14 0.45859375 0.32890625 0.175 0.18984375
5 0.08203125 0.328125 0.13515625 0.11796875
4 0.09453125 0.453125 0.13125 0.11875
9 0.20703125 0.421875 0.1109375 0.1125
7 0.3125 0.409375 0.103125 0.109375
1 0.3390625 0.54296875 0.109375 0.07109375
15 0.44921875 0.53203125 0.1109375 0.08984375
12 0.7875 0.421875 0.15859375 0.19296875
6 0.61640625 0.37734375 0.28515625 0.45234375