9 0.9125 0.69765625 0.12265625 0.08828125
10 0.40703125 0.6203125 0.12265625 0.09765625
11 0.78046875 0.60078125 0.16640625 0.06875
7 0.7515625 0.46328125 0.10390625 0.07890625
8 0.76640625 0.3078125 0.14140625 0.1015625
13 0.61796875 0.6515625 0.12109375 0.1546875
14 0.83671875 0.51015625 0.1265625 0.07578125
15 0.60078125 0.40625 0.1078125 0.07109375
4 0.77578125 0.67890625 0.12109375 0.0828125
5 0.8453125 0.390625 0.1453125 0.08515625
1 0.63671875 0.80625 0.1390625 0.128125
0 0.4359375 0.45234375 0.190625 0.109375
3 0.6671875 0.496875 0.11484375 0.08515625
2 0.49921875 0.746875 0.109375 0.13671875
12 0.85703125 0.82734375 0.21953125 0.146875
6 0.57578125 0.88125 0.3078125 0.2375