12 0.35625 0.153125 0.21640625 0.16796875
8 0.5640625 0.10234375 0.15234375 0.1109375
7 0.70546875 0.5390625 0.11640625 0.08671875
0 0.8640625 0.54140625 0.1734375 0.15
1 0.40625 0.703125 0.08671875 0.09453125
2 0.85859375 0.29921875 0.12421875 0.13046875
3 0.61640625 0.79609375 0.15546875 0.14609375
13 0.61328125 0.37890625 0.2015625 0.15078125
14 0.51328125 0.5 0.13828125 0.10078125
15 0.55 0.2546875 0.08671875 0.08671875
10 0.778125 0.41640625 0.13046875 0.08984375
9 0.784375 0.73671875 0.1171875 0.0921875
11 0.67421875 0.6640625 0.10078125 0.12109375
4 0.8859375 0.6640625 0.1421875 0.090625
5 0.92109375 0.37421875 0.125 0.09296875
6 0.53984375 0.8734375 0.34609375 0.253125