0 0.7 0.315625 0.18046875 0.10234375
13 0.52890625 0.3234375 0.159375 0.1234375
8 0.39375 0.3234375 0.11953125 0.12734375
10 0.2828125 0.3140625 0.125 0.12734375
14 0.1671875 0.32421875 0.1203125 0.11484375
5 0.0578125 0.3453125 0.11484375 0.11640625
4 0.06953125 0.47734375 0.1265625 0.1
9 0.17578125 0.46328125 0.1109375 0.1078125
7 0.28125 0.45078125 0.1046875 0.1140625
3 0.375 0.45234375 0.1015625 0.1140625
1 0.28203125 0.59140625 0.1140625 0.06171875
15 0.39140625 0.5796875 0.1125 0.07265625
11 0.48671875 0.52890625 0.08203125 0.146875
2 0.5796875 0.49375 0.1 0.18515625
12 0.7390625 0.478125 0.2375 0.19765625