9 0.5 0.72265625 0.13203125 0.09453125
11 0.28828125 0.71171875 0.10078125 0.1203125
10 0.23046875 0.8609375 0.15234375 0.10625
7 0.21953125 0.20625 0.146875 0.09609375
8 0.2125 0.365625 0.175 0.10078125
13 0.46484375 0.3375 0.1453125 0.1578125
14 0.45390625 0.553125 0.13671875 0.0890625
15 0.2625 0.5734375 0.146875 0.05703125
4 0.72578125 0.59375 0.15625 0.08203125
5 0.63984375 0.8671875 0.140625 0.10546875
1 0.81484375 0.403125 0.146875 0.090625
3 0.79140625 0.28828125 0.15546875 0.0953125
2 0.77109375 0.10703125 0.1140625 0.171875
0 0.4671875 0.1140625 0.16015625 0.18359375
12 0.721875 0.47265625 0.259375 0.1484375
6 0.81796875 0.88125 0.3640625 0.2375