9 0.5 0.72421875 0.1328125 0.09140625
11 0.28828125 0.715625 0.096875 0.125
10 0.23125 0.8625 0.15625 0.1109375
7 0.2203125 0.21015625 0.1453125 0.09765625
8 0.2109375 0.3625 0.171875 0.1
13 0.5046875 0.4390625 0.25859375 0.08671875
14 0.4828125 0.5984375 0.1359375 0.0859375
15 0.265625 0.5734375 0.1421875 0.053125
4 0.74921875 0.90546875 0.14453125 0.11015625
5 0.49609375 0.903125 0.140625 0.1109375
1 0.7765625 0.55390625 0.09140625 0.08203125
3 0.74140625 0.284375 0.15 0.109375
2 0.7640625 0.11875 0.26484375 0.0875
0 0.4703125 0.11484375 0.1515625 0.17421875
12 0.74453125 0.73984375 0.2703125 0.159375
6 0.85390625 0.55859375 0.29140625 0.2359375