9 0.91796875 0.703125 0.1140625 0.09921875
11 0.78203125 0.60625 0.14921875 0.0578125
10 0.4015625 0.62265625 0.1203125 0.08671875
7 0.75078125 0.4640625 0.09921875 0.06328125
8 0.7671875 0.309375 0.1296875 0.09609375
13 0.615625 0.64765625 0.09921875 0.13359375
14 0.8375 0.5125 0.1109375 0.06953125
15 0.6 0.40703125 0.08515625 0.06015625
5 0.84765625 0.3921875 0.11953125 0.07890625
4 0.7765625 0.68359375 0.11796875 0.0828125
1 0.5109375 0.5609375 0.0765625 0.06328125
3 0.66953125 0.5 0.09765625 0.0875
2 0.4796875 0.715625 0.13984375 0.12734375
0 0.44609375 0.45390625 0.18515625 0.0984375
12 0.628125 0.81640625 0.2234375 0.14375