12 0.359375 0.16015625 0.2703125 0.18515625
0 0.859375 0.546875 0.17578125 0.1484375
1 0.68515625 0.8125 0.09140625 0.09375
3 0.71953125 0.22890625 0.15078125 0.1078125
2 0.55625 0.63515625 0.12734375 0.13359375
13 0.6296875 0.43828125 0.20234375 0.128125
14 0.51328125 0.50390625 0.1203125 0.07578125
15 0.68828125 0.6765625 0.08515625 0.10546875
8 0.778125 0.3234375 0.1265625 0.0890625
7 0.7015625 0.54296875 0.1109375 0.075
10 0.78046875 0.41796875 0.121875 0.090625
9 0.78828125 0.74609375 0.12265625 0.103125
11 0.53984375 0.7546875 0.078125 0.115625
4 0.8828125 0.675 0.1390625 0.09296875
5 0.92109375 0.37421875 0.11875 0.1
6 0.64609375 0.86953125 0.47578125 0.2609375