0 0.8515625 0.7125 0.19453125 0.08984375
1 0.5015625 0.26953125 0.1015625 0.06640625
2 0.73203125 0.5171875 0.1765625 0.0765625
3 0.703125 0.7671875 0.1140625 0.11796875
4 0.5 0.396875 0.1046875 0.07109375
5 0.63984375 0.3640625 0.1296875 0.1078125
6 0.36875 0.18125 0.33359375 0.2640625
7 0.5078125 0.7296875 0.1046875 0.08359375
8 0.5875 0.6625 0.1171875 0.0953125
9 0.91328125 0.5515625 0.11796875 0.08046875
10 0.88359375 0.346875 0.14375 0.10234375
11 0.8921875 0.45078125 0.1640625 0.059375
12 0.7625 0.23515625 0.20078125 0.14921875
13 0.43203125 0.6 0.18671875 0.08671875
14 0.521875 0.5125 0.1109375 0.07421875
15 0.6109375 0.46796875 0.090625 0.053125