0 0.7359375 0.675 0.178125 0.15234375
1 0.6296875 0.78203125 0.10546875 0.08515625
2 0.828125 0.465625 0.21875 0.09765625
3 0.83671875 0.3609375 0.1453125 0.09375
4 0.525 0.2625 0.14453125 0.125
5 0.628125 0.64609375 0.11875 0.1015625
6 0.403125 0.1890625 0.36171875 0.3046875
7 0.51015625 0.73125 0.1078125 0.090625
8 0.81484375 0.5796875 0.14296875 0.09609375
9 0.7640625 0.82265625 0.13515625 0.10078125
10 0.55234375 0.48984375 0.13828125 0.09921875
11 0.7171875 0.51796875 0.14921875 0.078125
12 0.55 0.8671875 0.2296875 0.1484375
13 0.43046875 0.6015625 0.21015625 0.0984375
14 0.8890625 0.72578125 0.15 0.1078125
15 0.6921875 0.403125 0.1203125 0.06171875