0 0.753125 0.26328125 0.18515625 0.12265625
13 0.571875 0.26953125 0.18046875 0.13515625
8 0.4234375 0.25390625 0.11015625 0.1265625
10 0.31171875 0.2328125 0.1125 0.1171875
14 0.1890625 0.24140625 0.11328125 0.10703125
5 0.07421875 0.26015625 0.13203125 0.12265625
3 0.43125 0.3671875 0.1125 0.1296875
1 0.290625 0.325 0.2234375 0.18046875
15 0.4 0.52578125 0.1234375 0.09375
11 0.51640625 0.47265625 0.07890625 0.15625
2 0.6109375 0.44296875 0.09296875 0.17890625
12 0.77421875 0.446875 0.2296875 0.20546875
6 0.221875 0.428125 0.33046875 0.4