9 0.4765625 0.846875 0.134375 0.09765625
11 0.23046875 0.690625 0.10703125 0.11171875
10 0.2296875 0.8625 0.15390625 0.10234375
7 0.21796875 0.2078125 0.13828125 0.09375
8 0.2109375 0.36328125 0.17265625 0.09375
13 0.4828125 0.4796875 0.16640625 0.15234375
14 0.43515625 0.65625 0.18203125 0.109375
15 0.20234375 0.50703125 0.11328125 0.07109375
4 0.70078125 0.73828125 0.14140625 0.08828125
5 0.703125 0.909375 0.184375 0.13125
1 0.675 0.43125 0.08671875 0.0796875
3 0.80546875 0.209375 0.1765625 0.09375
2 0.52890625 0.109375 0.25546875 0.09375
0 0.51171875 0.27265625 0.14921875 0.15859375
12 0.7640625 0.56953125 0.25 0.1765625
6 0.89453125 0.34375 0.2109375 0.34296875