0 0.7453125 0.3109375 0.19765625 0.115625
13 0.56953125 0.31640625 0.16640625 0.09453125
8 0.43359375 0.31484375 0.10234375 0.11484375
10 0.33125 0.31328125 0.11484375 0.1109375
14 0.20703125 0.32421875 0.12578125 0.13359375
5 0.09765625 0.3359375 0.14765625 0.1390625
4 0.4859375 0.41015625 0.17890625 0.20078125
9 0.20078125 0.46640625 0.1203125 0.1171875
7 0.30859375 0.45078125 0.1109375 0.1140625
1 0.31953125 0.58828125 0.1234375 0.07109375
15 0.4328125 0.58203125 0.103125 0.07421875
12 0.78828125 0.490625 0.16328125 0.16953125
6 0.62421875 0.5015625 0.2765625 0.40703125