9 0.475 0.853125 0.1203125 0.08671875
11 0.2625 0.70625 0.18125 0.06328125
7 0.21875 0.2078125 0.1453125 0.09921875
8 0.2125 0.3640625 0.178125 0.0984375
13 0.4625 0.33515625 0.14375 0.1546875
14 0.44765625 0.5546875 0.134375 0.08671875
15 0.265625 0.57265625 0.153125 0.05859375
4 0.7265625 0.59453125 0.15078125 0.08125
5 0.703125 0.91953125 0.18125 0.11171875
1 0.8140625 0.4015625 0.13203125 0.08359375
3 0.78671875 0.28828125 0.1671875 0.09375
2 0.76640625 0.10546875 0.10234375 0.16640625
0 0.465625 0.1140625 0.146875 0.1703125
12 0.72265625 0.47109375 0.26875 0.1453125
6 0.5046875 0.73125 0.45390625 0.25390625
10 0.22578125 0.86171875 0.146875 0.10234375