0 0.88203125 0.575 0.20390625 0.125
1 0.628125 0.77734375 0.103125 0.08125
2 0.359375 0.6046875 0.1703125 0.13046875
3 0.728125 0.5328125 0.13125 0.1125
4 0.5578125 0.478125 0.13046875 0.1
5 0.62109375 0.6375 0.1296875 0.10625
6 0.4203125 0.2046875 0.3171875 0.2734375
7 0.50546875 0.7296875 0.12109375 0.0953125
8 0.75703125 0.69453125 0.1328125 0.1125
9 0.76796875 0.8265625 0.13046875 0.10703125
10 0.83671875 0.33203125 0.13828125 0.121875
11 0.89296875 0.46484375 0.1625 0.08984375
12 0.54921875 0.8703125 0.24765625 0.14765625
13 0.5609375 0.23828125 0.13515625 0.16875
14 0.89296875 0.72421875 0.134375 0.10859375
15 0.69296875 0.403125 0.125 0.06640625