3 0.44609375 0.2296875 0.10390625 0.0984375
0 0.8609375 0.546875 0.16328125 0.1515625
1 0.66640625 0.775 0.09609375 0.11015625
2 0.54296875 0.63515625 0.16328125 0.13359375
13 0.62890625 0.4453125 0.18671875 0.1140625
14 0.521875 0.5 0.11953125 0.07578125
15 0.690625 0.6703125 0.08671875 0.0828125
8 0.6828125 0.309375 0.13515625 0.10390625
7 0.7015625 0.53828125 0.13515625 0.06953125
12 0.584375 0.1390625 0.18125 0.16015625
11 0.54609375 0.75703125 0.09140625 0.11640625
9 0.7890625 0.7421875 0.11875 0.08984375
10 0.78203125 0.41875 0.12890625 0.09453125
5 0.921875 0.37109375 0.14375 0.1
4 0.88203125 0.66875 0.13359375 0.090625
6 0.32421875 0.24140625 0.34375 0.2796875