13 0.65625 0.77734375 0.12578125 0.1640625
14 0.51640625 0.49453125 0.14765625 0.09375
15 0.55078125 0.2546875 0.0890625 0.09765625
0 0.8640625 0.78125 0.1703125 0.17265625
3 0.925 0.53125 0.134375 0.1109375
1 0.409375 0.7109375 0.07421875 0.09765625
2 0.85234375 0.29765625 0.140625 0.13046875
12 0.353125 0.146875 0.2265625 0.1671875
8 0.55859375 0.0984375 0.109375 0.10546875
7 0.7125 0.19765625 0.11875 0.10078125
4 0.73125 0.3265625 0.11796875 0.10078125
5 0.9171875 0.36875 0.1296875 0.08359375
10 0.77109375 0.6015625 0.14765625 0.11640625
9 0.7625 0.4578125 0.11796875 0.084375
11 0.57890625 0.640625 0.10859375 0.1015625
6 0.57734375 0.8796875 0.3171875 0.240625