0 0.90703125 0.6765625 0.18515625 0.13984375
1 0.76484375 0.61328125 0.1171875 0.07109375
2 0.496875 0.33671875 0.13046875 0.14765625
3 0.70390625 0.7015625 0.1265625 0.096875
4 0.725 0.490625 0.11171875 0.078125
5 0.640625 0.35859375 0.12734375 0.0984375
6 0.05625 0.14765625 0.1125 0.2953125
7 0.57109375 0.71640625 0.1078125 0.09296875
8 0.63828125 0.5953125 0.115625 0.0796875
9 0.9140625 0.5546875 0.12578125 0.078125
10 0.890625 0.3515625 0.1640625 0.103125
11 0.89609375 0.4515625 0.17109375 0.0640625
12 0.75625 0.234375 0.190625 0.1484375
13 0.453125 0.62578125 0.225 0.1125
14 0.41796875 0.52890625 0.1234375 0.078125
15 0.603125 0.471875 0.11015625 0.08359375