9 0.475 0.8453125 0.1265625 0.09921875
11 0.22890625 0.6890625 0.09296875 0.11796875
10 0.228125 0.8625 0.146875 0.10234375
7 0.21953125 0.20859375 0.14375 0.10234375
8 0.20859375 0.365625 0.16640625 0.0984375
13 0.48828125 0.4390625 0.25 0.084375
14 0.48046875 0.6453125 0.1375 0.0875
15 0.1984375 0.50625 0.12578125 0.07265625
4 0.73359375 0.734375 0.14453125 0.09609375
5 0.746875 0.86640625 0.16796875 0.11328125
1 0.7765625 0.36953125 0.146875 0.07265625
3 0.790625 0.1984375 0.1640625 0.0984375
2 0.52734375 0.11015625 0.2484375 0.0953125
0 0.49765625 0.284375 0.26640625 0.115625
12 0.80625 0.59140625 0.2296875 0.1609375
6 0.8765625 0.58359375 0.246875 0.26328125